dec_long_va	dec_lat_va	GW_Level_NAVD	Well_ID	WellDepth_BLS	WellDepth_NAVD	GWL_Shallow	GWL_Middle	GWL_Deep
-95.1189444	29.56341667	-34.882850000000005	293348095070604.0	936.3	-930.9	19.8	9.3	-1.2
-94.8011111	29.30027778	-0.7437	291800094480301.0	935.7	-933.5	54.1	43.6	33.1
-95.4786111	30.42277778	44.068	302522095284301.0	896.1	-777.1	88.0	77.5	67.0
-95.4955556	30.38	45.0769	302248095294401.0	863.8	-772.8	88.7	78.2	67.7
-95.159275	29.71015833	-22.4485	294237095093204.0	862.9	-854.3	26.9	16.4	5.9
-95.5011111	30.4261111	43.2603	302534095300401.0	818.4	-698.7	81.7	71.2	60.7
-95.6458333	30.38083333	34.3083	302251095384501.0	817.2	-741.4	75.7	65.2	54.7
-95.6166667	30.3922222	39.5295	302332095370001.0	816.9	-748.5	81.4	70.9	60.4
-95.6158333	30.36888889	38.3438	302208095365702.0	794.6	-705.2	77.2	66.7	56.2
-95.788375	30.38089444	47.7896	302251095471801.0	794.6	-716.9	87.5	77.0	66.5
-95.475	30.3422222	51.9806	302032095283001.0	788.2	-708.4	91.1	80.6	70.1
-95.6405556	30.43583333	39.3436	302609095382601.0	753.8	-668.5	75.6	65.1	54.6
-95.4507778	29.727	-51.6148	294338095270402.0	718.7	-700.6	-13.1	-23.6	-34.1
-95.4080556	30.47888889	50.69125	302844095242901.0	693.4	-575.8	80.5	70.0	59.5
-95.3339722	29.79088889	-57.9912	294728095200106.0	661.4	-647.2	-23.2	-33.7	-44.2
-95.5633083	30.47179167	39.3009	302818095334801.0	643.7	-565.1	68.4	57.9	47.4
-95.7477778	29.72416667	21.2415	294327095445201.0	609.6	-579.1	51.3	40.8	30.3
-95.1822222	29.7361111	-41.8887	294409095105501.0	599.5	-593.3	-10.9	-21.4	-31.9
-95.4513889	29.73027778	-65.788	294348095270401.0	598.9	-581.8	-35.6	-46.1	-56.6
-95.6672222	29.56055556	-55.80585	293340095400501.0	598.6	-577.1	-25.9	-36.4	-46.9
-95.4513889	29.7275	-59.6661	294338095270403.0	592.2	-575.2	-29.9	-40.4	-50.9
-95.6869444	29.55888889	-54.41445	293332095411301.0	591.9	-570.4	-25.0	-35.5	-46.0
-95.1455278	29.9132222	-34.51405	295449095084105.0	591.3	-575.5	-4.7	-15.2	-25.7
-95.1591667	29.71055556	-37.7099	294237095093207.0	553.8	-545.4	-10.0	-20.5	-31.0
-95.5861389	29.79069444	-80.3575	294726095351102.0	549.2	-521.5	-54.4	-64.9	-75.4
-95.6833333	29.56583333	-51.7337	293356095405901.0	543.8	-521.6	-25.7	-36.2	-46.7
-95.6261111	29.64166667	-38.21885	293830095373201.0	541.0	-515.6	-12.6	-23.1	-33.6
-95.5030556	29.67916667	-54.5287	294044095301001.0	539.5	-522.1	-28.5	-39.0	-49.5
-95.5725	29.65916667	-73.088	293933095342101.0	535.8	-512.2	-47.7	-58.2	-68.7
-95.5771667	30.43280556	42.9494	302558095343801.0	532.8	-457.2	64.5	54.0	43.5
-95.1192778	29.56375	-23.2471	293349095070901.0	530.4	-524.4	3.0	-7.5	-18.0
-95.1680556	29.74027778	-41.0596	294424095100401.0	530.4	-527.8	-14.6	-25.1	-35.6
-95.4744444	29.66194444	-48.8259	293942095283101.0	528.8	-511.1	-23.5	-34.0	-44.5
-95.6305556	29.59638889	-55.05605	293546095374901.0	525.5	-503.8	-30.3	-40.8	-51.3
-95.6183333	29.79	-81.2871	294723095370501.0	521.8	-494.2	-57.2	-67.7	-78.2
-95.4458333	29.8811111	-55.3669	295251095264502.0	517.6	-491.2	-31.5	-42.0	-52.5
-95.3194444	29.93194444	-61.49345	295553095191201.0	512.1	-490.2	-37.7	-48.2	-58.7
-95.4416667	29.8747222	-46.85235	295228095262901.0	508.4	-482.0	-23.6	-34.1	-44.6
-95.605	29.6872222	-72.2102	294113095361701.0	508.1	-483.4	-48.9	-59.4	-69.9
-95.6166667	29.6286111	-66.0776	293736095365501.0	507.5	-482.6	-42.8	-53.3	-63.8
-95.4419167	29.87438889	-82.1802	295228095263101.0	506.3	-480.0	-59.1	-69.6	-80.1
-95.6022222	29.6922222	-42.3794	294131095360701.0	502.9	-478.4	-19.4	-29.9	-40.4
-95.6697222	29.78833333	-83.186	294717095401001.0	500.2	-470.0	-60.8	-71.3	-81.8
-95.3927778	30.13666667	-53.32785	300812095233401.0	499.9	-465.5	-31.2	-41.7	-52.2
-95.1570556	30.2453611	-4.818899999999999	301443095091801.0	499.6	-462.2	17.0	6.5	-4.0
-95.4377778	29.8675	-79.88655	295203095261401.0	498.3	-472.1	-57.3	-67.8	-78.3
-95.1147222	29.8747222	-25.583350000000003	295228095065101.0	496.2	-481.6	-2.4	-12.9	-23.4
-95.1216667	29.87444444	-33.0312	295226095071801.0	495.3	-481.5	-9.8	-20.3	-30.8
-95.5991667	29.70055556	-43.373	294201095355601.0	494.1	-470.2	-21.0	-31.5	-42.0
-95.5238889	29.72166667	-55.21755	294317095313001.0	491.3	-470.6	-32.8	-43.3	-53.8
-95.5719444	29.7172222	-72.7207	294301095341801.0	490.7	-467.6	-50.5	-61.0	-71.5
-95.6061111	29.7147222	-45.75045	294252095362101.0	490.7	-467.1	-23.6	-34.1	-44.6
-95.1277778	29.87555556	-32.9154	295229095074101.0	490.1	-476.0	-10.1	-20.6	-31.1
-95.7963889	29.55305556	-23.26535	293314095474702.0	488.9	-458.0	-1.7	-12.2	-22.7
-95.3338889	29.79138889	-52.9102	294728095200102.0	486.5	-472.4	-30.3	-40.8	-51.3
-95.7877778	29.54055556	-24.65525	293226095471601.0	481.6	-452.9	-3.5	-14.0	-24.5
-95.1158333	29.83166667	-45.6941	294953095065601.0	480.1	-468.1	-23.4	-33.9	-44.4
-95.5872222	29.79027778	-42.4678	294724095351401.0	480.1	-452.4	-21.3	-31.8	-42.3
-95.5725	29.80583333	-76.2427	294820095342002.0	479.5	-450.7	-55.2	-65.7	-76.2
-95.1205556	29.835	-31.14595	295005095071301.0	478.5	-466.5	-9.0	-19.5	-30.0
-95.1077778	29.875	-32.33315	295229095062701.0	477.9	-464.3	-10.3	-20.8	-31.3
-95.1152778	29.88305556	-25.5087	295259095065401.0	475.5	-461.2	-3.7	-14.2	-24.7
-95.5736111	29.8125	-79.7387	294844095342401.0	474.3	-445.5	-59.1	-69.6	-80.1
-95.5044444	29.70444444	-66.7878	294215095301502.0	472.4	-452.9	-45.6	-56.1	-66.6
-95.6080556	29.69638889	-41.6936	294149095363002.0	472.4	-447.6	-20.9	-31.4	-41.9
-95.2241667	29.82583333	-47.5366	294932095132601.0	471.8	-461.2	-25.8	-36.3	-46.8
-95.3375	29.98027778	-57.595	295850095201301.0	470.9	-443.5	-37.0	-47.6	-58.0
-95.3455556	29.98194444	-49.62905	295855095204301.0	469.4	-442.3	-29.2	-39.7	-50.2
-95.5702778	29.8247222	-91.9993	294925095341201.0	465.7	-436.3	-72.0	-82.5	-93.0
-95.1177778	29.835	-50.2752	295005095070301.0	465.4	-453.5	-29.0	-39.5	-50.0
-95.4305556	29.86416667	-55.79365	295150095254601.0	463.3	-437.5	-35.7	-46.2	-56.7
-95.4847222	29.7247222	-55.7479	294328095290402.0	462.7	-443.9	-35.2	-45.7	-56.2
-95.5272222	29.83083333	-77.72399999999999	294950095313702.0	461.2	-433.8	-57.9	-68.4	-78.9
-95.4658333	29.7261111	-52.56125	294333095275602.0	460.2	-442.7	-32.1	-42.6	-53.1
-95.5391667	29.70388889	-40.3586	294213095322001.0	460.2	-439.6	-20.1	-30.6	-41.1
-95.5872222	29.8797222	-59.5	295246095351301.0	459.9	-426.2	-40.2	-50.7	-61.2
-95.4797222	29.725	-58.9605	294329095284602.0	458.7	-440.6	-38.6	-49.1	-59.6
-95.145	29.91388889	-36.35655	295449095084102.0	458.1	-441.7	-15.9	-26.4	-36.9
-95.2152778	29.82527778	-42.6659	294930095125401.0	457.2	-446.5	-21.9	-32.4	-42.9
-95.6186111	29.63694444	-68.46109999999999	293810095370601.0	457.2	-432.5	-48.7	-59.2	-69.7
-95.6838889	29.62805556	-55.46905	293740095410201.0	457.2	-432.3	-35.7	-46.2	-56.7
-95.4683333	29.67916667	-46.1345	294044095280502.0	454.8	-439.0	-25.9	-36.4	-46.9
-95.6988889	29.9961111	-76.1848	295946095415601.0	452.9	-405.1	-58.3	-68.8	-79.3
-95.5272222	29.83083333	-41.609750000000005	294950095313701.0	452.6	-425.3	-22.3	-32.8	-43.3
-95.4513889	29.885	-60.40525	295306095270502.0	451.1	-425.0	-41.2	-51.7	-62.2
-95.58	29.88	-57.3146	295247095344701.0	451.1	-418.3	-38.5	-49.0	-59.5
-95.03065	29.75784167	-23.6662	294527095014911.0	449.6	-442.3	-3.2	-13.7	-24.2
-95.5233333	29.8411111	-77.53960000000001	295027095312301.0	449.6	-422.5	-58.5	-69.0	-79.5
-95.5641667	29.69194444	-89.8672	294119095335601.0	449.6	-427.9	-70.4	-80.9	-91.4
-95.6802778	29.66777778	-61.6793	294004095404901.0	448.1	-419.5	-42.8	-53.3	-63.8
-95.5166667	29.7222222	-44.2524	294319095305901.0	447.8	-427.5	-24.8	-35.3	-45.8
-95.5297222	29.82138889	-73.1566	294916095314601.0	443.2	-416.2	-54.5	-65.0	-75.5
-95.5227778	29.81694444	-42.6507	294900095312101.0	442.3	-416.5	-24.0	-34.5	-45.0
-95.1122222	29.72694444	-46.5155	294336095064301.0	442.0	-435.7	-26.5	-37.0	-47.5
-95.5738889	29.6911111	-69.77325	294127095342502.0	442.0	-420.3	-50.9	-61.4	-71.9
-95.5961111	29.74805556	-78.7527	294452095354501.0	442.0	-418.1	-60.0	-70.5	-81.0
-95.5866667	29.69555556	-44.2021	294144095351002.0	440.4	-418.1	-25.4	-35.9	-46.4
-95.6055556	29.8825	-94.4118	295254095361901.0	440.1	-404.5	-76.6	-87.1	-97.6
-95.6133333	29.88	-95.7194	295249095364701.0	438.3	-402.0	-78.1	-88.6	-99.1
-95.4513889	29.7275	-62.7522	294338095270404.0	436.8	-419.7	-43.9	-54.4	-64.9
-95.52	29.72805556	-56.3453	294340095311103.0	436.5	-415.7	-37.7	-48.2	-58.7
-95.2266667	29.8175	-40.9316	294902095133501.0	435.6	-425.8	-21.6	-32.1	-42.6
-95.6488889	29.73138889	-50.7644	294352095385501.0	432.8	-405.6	-32.9	-43.4	-53.9
-95.7344444	29.6175	-18.07465	293729095440301.0	429.8	-405.4	-0.2	-10.7	-21.2
-95.5788889	29.6961111	-45.6347	294147095344303.0	428.9	-407.1	-27.6	-38.1	-48.6
-96.0255556	29.95277778	36.0517	295709096013101.0	427.9	-374.4	51.8	41.3	30.8
-95.8236111	29.50166667	-16.16505	293006095492501.0	427.3	-398.9	1.3	-9.2	-19.7
-95.7944	29.998	-43.7068	295953095474001.0	426.7	-365.2	-28.6	-39.1	-49.6
-95.4666667	29.5186111	-40.2443	293107095280001.0	426.1	-405.6	-22.4	-32.9	-43.4
-95.4919444	29.72416667	-52.6359	294326095293002.0	425.8	-406.2	-34.7	-45.2	-55.7
-95.6202778	29.6961111	-41.0779	294145095371201.0	424.9	-399.9	-23.6	-34.1	-44.6
-95.6705556	29.78694444	-71.30645000000001	294712095401301.0	424.9	-395.1	-54.1	-64.6	-75.1
-95.0213889	29.5647222	-26.4566	293352095011602.0	420.9	-418.5	-7.7	-18.2	-28.7
-95.0214556	29.56479444	-26.4048	293352095011601.0	420.9	-418.4	-7.6	-18.1	-28.6
-95.2025	29.66583333	-39.1333	293956095120801.0	420.6	-411.2	-20.8	-31.3	-41.8
-95.6405556	29.87888889	-76.1329	295243095383101.0	420.3	-382.8	-59.8	-70.3	-80.8
-95.5780556	29.79333333	-81.18195	294735095344001.0	418.8	-391.4	-64.3	-74.8	-85.3
-95.6202778	29.7122222	-32.1015	294243095371201.0	417.6	-393.0	-15.1	-25.6	-36.1
-95.7377778	29.65583333	-27.8892	293921095441601.0	417.6	-391.2	-11.0	-21.5	-32.0
-95.6325	29.87694444	-90.8853	295240095375601.0	417.3	-380.8	-74.7	-85.2	-95.7
-95.0305556	29.75777778	-31.9766	294527095014912.0	416.1	-408.7	-13.9	-24.4	-34.9
-95.2366667	29.7461111	-40.33115	294445095141101.0	411.5	-403.1	-22.6	-33.1	-43.6
-95.5697222	29.74888889	-58.6222	294456095341101.0	410.0	-387.6	-42.0	-52.5	-63.0
-95.7472222	29.72277778	-58.5064	294322095445001.0	410.0	-378.9	-42.5	-53.0	-63.5
-95.6944444	29.7875	-81.0433	294731095414201.0	407.2	-374.0	-65.4	-75.9	-86.4
-95.5108333	29.72805556	-55.5711	294348095303702.0	406.9	-387.2	-39.0	-49.5	-60.0
-95.1591667	29.71055556	-38.4322	294237095093205.0	404.8	-396.3	-21.2	-31.7	-42.2
-95.6119444	29.7375	-83.2653	294414095364202.0	402.9	-378.6	-67.3	-77.8	-88.3
-95.4761111	29.52583333	-39.19425	293132095283301.0	402.3	-380.2	-23.1	-33.6	-44.1
-95.5522222	29.57333333	-40.5475	293424095330702.0	402.3	-381.7	-24.3	-34.8	-45.3
-95.6194444	29.70333333	-35.9603	294211095370901.0	402.3	-377.7	-20.0	-30.5	-41.0
-95.6338889	29.7661111	-54.23	294519095383201.0	401.1	-374.9	-38.5	-49.0	-59.5
-95.1580556	30.1775	-28.7335	301039095092901.0	400.8	-368.1	-13.5	-24.0	-34.5
-94.8880556	30.0486111	-9.88615	300254094531801.0	400.5	-375.4	5.9	-4.6	-15.1
-95.8161111	29.53888889	-15.8953	293219095485701.0	400.2	-369.9	-0.5	-11.0	-21.5
-95.0213889	29.5647222	-26.0055	293352095011603.0	398.7	-396.2	-8.8	-19.3	-29.8
-95.5208333	29.5761111	-37.4005	293434095311501.0	398.7	-375.4	-21.6	-32.1	-42.6
-95.6219444	29.7186111	-72.33815	294306095371801.0	397.8	-374.2	-56.6	-67.1	-77.6
-95.5472222	29.52777778	-38.9687	293140095325001.0	396.2	-379.7	-22.9	-33.4	-43.9
-95.5455556	30.69166667	34.9179	304130095324401.0	393.2	-252.3	42.1	31.6	21.1
-95.6638889	29.78305556	-77.1266	294702095394001.0	392.6	-363.9	-62.2	-72.7	-83.2
-95.7732444	29.86425833	-59.1632	295151095462401.0	390.1	-345.6	-45.5	-56.0	-66.5
-95.4297222	30.26388889	-47.8048	301550095254701.0	388.9	-338.9	-34.6	-45.1	-55.6
-95.7669444	29.73416667	-61.86525	294403095460101.0	386.5	-352.2	-47.7	-58.2	-68.7
-95.8297222	29.7022222	-46.03545	294209095494701.0	386.5	-346.7	-32.3	-42.8	-53.3
-95.7841667	29.69277778	-49.8866	294134095470301.0	385.6	-350.8	-35.8	-46.3	-56.8
-95.5238889	29.60694444	-43.36545	293628095312801.0	382.8	-360.8	-28.6	-39.1	-49.6
-95.805	29.74444444	-73.48725	294408095483001.0	382.8	-347.1	-59.7	-70.2	-80.7
-95.1713889	29.74055556	-40.1452	294425095101601.0	381.6	-378.8	-24.1	-34.6	-45.1
-95.7616667	29.71277778	-62.1594	294246095454201.0	378.0	-346.6	-48.4	-58.9	-69.4
-95.6408333	29.79	-79.1596	294723095382601.0	377.3	-348.6	-65.3	-75.8	-86.3
-95.1186111	29.5636111	-3.53265	293348095070601.0	375.5	-369.7	11.8	1.3	-9.2
-95.1269444	29.75055556	-38.64255	294500095073401.0	374.9	-367.8	-23.4	-33.9	-44.4
-95.1791667	29.77944444	-39.20795	294645095104401.0	371.9	-363.9	-24.2	-34.7	-45.2
-95.4638889	29.59555556	-51.2674	293543095274901.0	371.9	-352.6	-37.1	-47.6	-58.1
-95.6219444	29.75833333	-56.01465	294529095371801.0	371.9	-345.8	-42.3	-52.8	-63.3
-95.7091667	29.91444444	-75.85555	295452095423301.0	370.6	-327.1	-63.5	-74.0	-84.5
-95.1583333	30.32	-3.9685	301911095092901.0	370.0	-323.3	8.2	-2.3	-12.8
-95.2308333	29.66166667	-36.07	293941095135001.0	369.4	-360.8	-21.3	-31.8	-42.3
-95.7472222	29.79694444	-71.40700000000001	294747095444701.0	368.8	-330.4	-58.8	-69.3	-79.8
-95.1469444	30.01055556	-33.0342	300037095084802.0	367.3	-346.5	-19.3	-29.8	-40.3
-95.4938889	29.62638889	-47.8262	293734095293701.0	367.0	-347.8	-34.0	-44.5	-55.0
-95.2386111	29.73444444	-41.3263	294403095141801.0	366.1	-357.7	-26.8	-37.3	-47.8
-95.5022222	29.6261111	-48.448	293732095300601.0	365.8	-345.6	-34.8	-45.3	-55.8
-95.5519444	29.57388889	-40.5811	293424095330701.0	365.8	-345.7	-26.9	-37.4	-47.9
-95.5741667	29.83138889	-72.2986	294952095342601.0	365.8	-335.7	-59.3	-69.8	-80.3
-95.7738889	29.68694444	-47.084	294112095462501.0	365.8	-332.8	-34.3	-44.8	-55.3
-95.1769444	29.79444444	-38.52215	294732095103401.0	365.2	-356.1	-24.1	-34.6	-45.1
-95.5955556	29.675	-45.3116	294029095354301.0	364.2	-339.0	-32.1	-42.6	-53.1
-95.2044444	30.08083333	-32.641	300446095121901.0	362.7	-340.1	-19.3	-29.8	-40.3
-95.4816667	29.62694444	-50.7888	293736095285301.0	362.7	-344.9	-37.1	-47.6	-58.1
-95.6247222	29.7636111	-41.3263	294548095372801.0	362.7	-336.5	-28.3	-38.8	-49.3
-95.5747222	29.58083333	-38.0497	293431095341801.0	362.1	-341.2	-24.7	-35.2	-45.7
-95.3875	30.09555556	-89.8825	300544095231501.0	360.3	-329.5	-77.3	-87.8	-98.3
-94.68	30.0722222	10.9027	300417094404801.0	359.7	-338.4	24.1	13.6	3.1
-95.4924389	30.13821944	-79.79515	300811095291702.0	359.7	-317.6	-68.1	-78.6	-89.1
-95.4925	30.01388889	-53.42385	300053095292601.0	359.7	-326.6	-41.1	-51.6	-62.1
-95.7525	29.74527778	-61.7494	294442095450801.0	359.7	-326.1	-49.4	-59.9	-70.4
-95.8469444	29.54388889	-20.37435	293237095504801.0	359.1	-327.7	-7.9	-18.4	-28.9
-95.2325	29.6536111	-34.6329	293910095135601.0	356.6	-347.4	-20.8	-31.3	-41.8
-95.6405556	29.7825	-80.5678	294656095382501.0	356.6	-328.4	-68.1	-78.6	-89.1
-95.7619444	29.7972222	-63.91045	294753095454001.0	356.6	-316.0	-52.3	-62.8	-73.3
-95.79525	29.78898889	-63.34655	294720095474301.0	356.6	-314.2	-51.9	-62.4	-72.9
-95.4644444	30.01416667	-50.4231	300050095275301.0	355.1	-319.2	-38.6	-49.1	-59.6
-95.5783333	29.80027778	-74.9168	294800095344101.0	355.1	-327.2	-62.5	-73.0	-83.5
-95.16	30.06555556	-25.9507	300355095093501.0	353.6	-333.2	-13.1	-23.6	-34.1
-95.1827778	29.8011111	-38.96865	294803095105701.0	353.6	-343.9	-25.4	-35.9	-46.4
-95.7122222	30.0725	-50.7401	300421095424401.0	353.6	-287.4	-41.1	-51.6	-62.1
-95.8161111	30.06916667	50.5861	300408095485701.0	353.6	-278.4	59.6	49.1	38.6
-95.4122222	29.4311111	-33.02815	292552095244401.0	353.0	-338.6	-19.8	-30.3	-40.8
-95.6844444	29.36305556	-7.6444	292146095410301.0	353.0	-331.8	5.1	-5.4	-15.9
-95.3697222	29.8172222	-38.865	294901095221001.0	351.1	-332.3	-26.1	-36.6	-47.1
-94.7405556	30.23694444	15.3101	301408094442201.0	350.5	-321.6	27.3	16.8	6.3
-95.6608333	29.88444444	-44.1518	295301095393901.0	349.0	-310.0	-33.0	-43.5	-54.0
-95.7186111	29.99777778	-77.6478	295952095430701.0	349.0	-300.5	-67.1	-77.6	-88.1
-95.7827778	30.02694444	-49.7373	300137095465801.0	348.7	-290.2	-39.9	-50.4	-60.9
-95.1769444	30.05	-28.6969	300248095105301.0	346.3	-329.9	-16.1	-26.6	-37.1
-95.6027778	29.78916667	-64.96965	294721095361001.0	345.9	-320.2	-53.1	-63.6	-74.1
-95.6366667	29.75416667	-73.52995	294627095375801.0	345.9	-318.8	-61.7	-72.2	-82.7
-95.3925	29.44805556	-31.0774	292653095233301.0	345.3	-330.1	-18.5	-29.0	-39.5
-95.1525	30.06527778	-25.4264	300343095090301.0	344.4	-328.0	-13.0	-23.5	-34.0
-95.4383333	29.44583333	-33.1683	292644095261601.0	342.6	-325.8	-20.9	-31.4	-41.9
-95.8536111	29.71805556	-49.89425	294305095511301.0	342.6	-301.3	-39.3	-49.8	-60.3
-95.6144444	29.72055556	-39.8343	294313095365101.0	342.0	-318.3	-28.1	-38.6	-49.1
-95.5327778	30.20666667	-64.27015	301225095315902.0	341.4	-287.6	-54.6	-65.1	-75.6
-95.5508333	29.58694444	-39.8617	293512095330301.0	338.3	-316.5	-28.2	-38.7	-49.2
-95.3144444	29.9347222	-37.49495	295605095184701.0	337.7	-315.7	-25.9	-36.4	-46.9
-95.2597222	30.1725	-49.4538	301021095153501.0	335.9	-302.7	-38.8	-49.3	-59.8
-95.5863889	29.66083333	-42.0487	293938095351001.0	335.9	-311.6	-30.7	-41.2	-51.7
-95.1894444	30.06305556	-33.8084	300334095113401.0	335.3	-313.3	-22.4	-32.9	-43.4
-95.5208333	29.5561111	-37.5361	293321095311401.0	335.3	-312.7	-26.1	-36.6	-47.1
-95.7677778	29.49805556	-13.3152	292953095460301.0	334.4	-309.8	-2.1	-12.6	-23.1
-95.9722222	29.6722222	-8.1839	294020095582001.0	333.8	-299.9	2.3	-8.2	-18.7
-95.4766667	30.1936111	-67.10325	301135095290102.0	333.5	-290.3	-57.3	-67.8	-78.3
-95.8230556	29.72388889	-46.81575	294326095492301.0	333.5	-294.4	-36.7	-47.2	-57.7
-95.7869444	29.70805556	-44.2722	294219095470501.0	332.2	-298.0	-33.9	-44.4	-54.9
-95.0183333	29.34388889	-12.9906	292037095010501.0	329.2	-324.9	-0.7	-11.2	-21.7
-95.11	30.02277778	-25.427950000000003	300122095063601.0	329.2	-308.1	-14.4	-24.9	-35.4
-95.5733333	29.71055556	-48.14925	294237095342301.0	329.2	-306.8	-37.2	-47.7	-58.2
-95.6180556	29.88	-54.7939	295249095370701.0	329.2	-292.6	-44.8	-55.3	-65.8
-95.4375	29.8675	-60.1294	295204095261301.0	327.7	-301.8	-49.5	-60.0	-70.5
-95.6827778	29.8336111	-57.27195	294959095405501.0	327.7	-292.4	-47.3	-57.8	-68.3
-95.4475	30.0486111	-82.22585000000001	300251095265401.0	327.4	-295.7	-72.0	-82.5	-93.0
-95.5597222	29.56083333	-36.3779	293342095333601.0	327.4	-306.0	-25.5	-36.0	-46.5
-95.3811111	30.10583333	-89.4283	300621095225201.0	324.9	-293.3	-79.4	-89.9	-100.4
-95.5611111	29.55333333	-37.6931	293312095334601.0	324.6	-303.2	-27.0	-37.5	-48.0
-95.5152778	30.20555556	-61.79515	301220095305502.0	324.3	-265.3	-53.7	-64.2	-74.7
-95.9480556	29.84583333	1.3899	295044095565201.0	324.3	-269.4	9.7	-0.8	-11.3
-94.8952778	29.41638889	-12.8458	292458094534205.0	323.1	-321.5	-0.8	-11.3	-21.8
-95.1983333	30.06916667	-29.09165	300408095115201.0	323.1	-300.3	-18.6	-29.1	-39.6
-95.6897222	29.59638889	-24.8366	293545095413301.0	322.5	-299.6	-14.4	-24.9	-35.4
-95.5080556	30.16888889	-74.73085	301007095303001.0	320.6	-270.1	-66.3	-76.8	-87.3
-95.6255556	30.0247222	-81.68639999999999	300129095373201.0	320.6	-274.6	-73.0	-83.5	-94.0
-95.4513889	29.7275	-47.5153	294338095270401.0	320.3	-303.3	-36.8	-47.3	-57.8
-95.4366667	29.94583333	-61.4995	295644095261001.0	320.0	-291.3	-51.6	-62.1	-72.6
-95.4544444	29.5911111	-44.6898	293527095271501.0	320.0	-301.3	-34.1	-44.6	-55.1
-95.4738889	30.15638889	-78.26505	300923095282601.0	320.0	-276.3	-69.4	-79.9	-90.4
-95.4772222	29.6261111	-50.5511	293734095283801.0	320.0	-302.1	-39.9	-50.4	-60.9
-95.8580556	29.75305556	-62.3514	294511095512901.0	320.0	-276.2	-53.5	-64.0	-74.5
-95.145	29.91388889	-34.072050000000004	295449095084104.0	319.4	-303.0	-23.4	-33.9	-44.4
-95.2427778	30.0661111	-26.4673	300258095145301.0	318.8	-293.3	-16.4	-26.9	-37.4
-95.1886111	30.05388889	-30.83355	300302095113301.0	318.2	-300.2	-20.3	-30.8	-41.3
-95.5105556	29.6261111	-45.3756	293734095303801.0	317.0	-296.1	-35.1	-45.6	-56.1
-95.5883333	29.6672222	-46.67705	294002095351001.0	316.4	-291.5	-36.8	-47.3	-57.8
-95.3338889	29.79138889	-43.2145	294728095200104.0	315.5	-301.4	-32.6	-43.1	-53.6
-95.0955556	30.05916667	-17.7485	300332095054301.0	314.6	-292.9	-7.7	-18.2	-28.7
-95.4461111	30.02333333	-44.80865	300123095264501.0	313.9	-280.0	-35.7	-46.2	-56.7
-95.5019444	30.17527778	-73.40344999999999	301033095300602.0	313.9	-264.0	-65.4	-75.9	-86.4
-95.5730556	29.6597222	-44.8879	293934095342201.0	313.9	-290.4	-35.1	-45.6	-56.1
-95.4541667	30.1561111	-78.6811	300920095271402.0	312.4	-269.2	-70.3	-80.8	-91.3
-95.49325	29.62241667	-46.24275	293720095293501.0	312.4	-293.8	-36.2	-46.7	-57.2
-95.6341667	29.62194444	-31.8272	293720095381101.0	312.4	-289.6	-22.1	-32.6	-43.1
-95.8218611	29.82123056	-52.581	294916095491901.0	312.4	-265.8	-44.5	-55.0	-65.5
-95.8047222	29.7625	-37.2298	294548095481401.0	311.5	-272.2	-28.7	-39.2	-49.7
-95.5566667	29.96277778	-54.2361	295723095340201.0	310.9	-273.6	-45.6	-56.1	-66.6
-95.0066667	30.07083333	-1.8197	300413095002201.0	310.0	-284.2	7.6	-2.9	-13.4
-95.0966667	30.05666667	-18.8168	300321095060201.0	309.1	-287.5	-9.2	-19.7	-30.2
-95.4419444	30.16583333	-76.41640000000001	300956095263001.0	309.1	-267.5	-68.2	-78.7	-89.2
-95.5838889	29.66638889	-44.3179	294010095350501.0	308.5	-283.7	-35.0	-45.5	-56.0
-95.115	30.02694444	-24.3322	300133095065101.0	307.8	-287.1	-14.7	-25.2	-35.7
-95.4461111	30.1572222	-81.4502	300925095264501.0	307.8	-268.3	-73.2	-83.7	-94.2
-95.2419444	29.7725	-43.59555	294619095142701.0	306.9	-298.0	-33.2	-43.7	-54.2
-95.8858333	29.97555556	33.5859	295831095530801.0	306.9	-240.1	39.9	29.4	18.9
-95.0088889	30.11194444	3.8649	300641095003101.0	306.6	-281.7	13.1	2.6	-7.9
-95.4922222	30.1847222	-66.5378	301108095293201.0	306.3	-258.6	-58.9	-69.4	-79.9
-95.5758333	30.23277778	-54.30775	301358095343302.0	306.0	-241.1	-47.9	-58.4	-68.9
-95.9413889	29.88805556	23.25315	295316095562801.0	305.4	-247.2	30.1	19.6	9.1
-95.4513889	30.21583333	-63.9714	301256095270401.0	304.8	-266.1	-55.8	-66.3	-76.8
-95.4675	30.08555556	-48.47385	300507095280201.0	304.8	-263.2	-40.5	-51.0	-61.5
-95.4772222	30.17638889	-73.61075	301034095283802.0	304.8	-263.7	-65.7	-76.2	-86.7
-95.4411111	30.12805556	-81.0128	300740095262701.0	303.6	-268.0	-72.8	-83.3	-93.8
-95.2740556	29.7017222	-41.91	294206095162601.0	303.3	-293.8	-31.8	-42.3	-52.8
-95.605	29.6872222	-43.7068	294113095361702.0	303.3	-278.6	-34.7	-45.2	-55.7
-95.3844444	30.0075	-48.9113	300018095225701.0	301.8	-273.1	-40.3	-50.8	-61.3
-95.6419444	29.89416667	-45.20945	295339095383201.0	301.8	-264.0	-37.2	-47.7	-58.2
-95.7780556	30.07777778	-34.1041	300440095464101.0	299.9	-226.5	-28.7	-39.2	-49.7
-95.25	30.04055556	-31.0104	300226095150001.0	298.7	-272.5	-22.4	-32.9	-43.4
-95.0801944	29.92505556	-24.76195	295529095043501.0	297.5	-284.1	-15.4	-25.9	-36.4
-95.5433333	30.21638889	-58.87365	301258095323502.0	297.5	-238.5	-52.7	-63.2	-73.7
-95.9172222	29.49583333	3.0434	292944095550101.0	297.2	-264.1	11.0	0.5	-10.0
-95.5047222	29.7047222	-48.75125	294216095301601.0	296.3	-276.8	-39.9	-50.4	-60.9
-95.7741667	29.92888889	14.91535	295544095462401.0	295.0	-246.3	21.7	11.2	0.7
-95.6916667	29.87638889	-73.71285	295235095414301.0	294.7	-254.7	-66.4	-76.9	-87.4
-95.25	30.04055556	-29.6418	300225095144202.0	294.1	-267.5	-21.4	-31.9	-42.4
-95.54	30.18083333	-68.071	301051095322402.0	292.9	-240.8	-61.7	-72.2	-82.7
-95.3355556	29.20055556	-6.1356	291201095200701.0	292.6	-288.3	3.5	-7.0	-17.5
-95.5825	29.68	-43.3487	294047095345601.0	292.6	-268.2	-35.1	-45.6	-56.1
-95.4591667	30.19944444	-67.6519	301157095273301.0	292.0	-251.9	-60.5	-71.0	-81.5
-95.1186111	29.5636111	-30.1569	293348095070603.0	291.7	-285.9	-20.6	-31.1	-41.6
-95.4794444	30.20305556	-64.3585	301211095284601.0	290.5	-243.0	-57.8	-68.3	-78.8
-95.5013889	29.88138889	-69.75195	295252095300401.0	290.2	-263.6	-61.8	-72.3	-82.8
-95.5333333	30.1375	-74.11975000000001	300819095315501.0	288.0	-245.3	-67.4	-77.9	-88.4
-95.4627778	30.14	-81.2048	300816095274701.0	287.7	-246.4	-74.5	-85.0	-95.5
-94.9491667	30.045	-1.0790000000000002	300242094565701.0	286.5	-262.9	6.8	-3.7	-14.2
-95.8702778	29.75388889	-60.2315	294514095521301.0	285.9	-241.4	-53.8	-64.3	-74.8
-95.1591667	29.71055556	-38.4734	294237095093206.0	285.3	-276.8	-29.6	-40.1	-50.6
-95.2127778	29.66083333	-37.6062	293942095124901.0	283.5	-273.9	-28.9	-39.4	-49.9
-95.4705556	29.36805556	-8.5344	292204095281301.0	281.3	-266.1	-0.4	-10.9	-21.4
-94.9125	29.83388889	-34.2077	295001094544401.0	281.0	-273.3	-25.6	-36.1	-46.6
-95.0213889	29.5647222	-26.317950000000003	293352095011606.0	280.4	-278.0	-17.4	-27.9	-38.4
-95.4563889	29.42444444	-28.96365	292528095272301.0	280.4	-263.3	-21.0	-31.5	-42.0
-95.1897222	30.04583333	-30.7482	300231095113701.0	279.8	-263.2	-22.8	-33.3	-43.8
-95.9404167	29.7579722	-15.8709	294528095562501.0	279.8	-233.5	-10.0	-20.5	-31.0
-95.5863889	30.185	-61.1002	301106095351101.0	278.9	-220.2	-56.2	-66.7	-77.2
-95.4522222	30.12555556	-78.1294	300731095270701.0	277.4	-239.8	-71.8	-82.3	-92.8
-95.5630556	30.1847222	-65.28205	301103095334302.0	276.1	-221.1	-60.3	-70.8	-81.3
-95.6352778	29.66666667	-34.52315	293959095380401.0	274.9	-248.3	-27.6	-38.1	-48.6
-95.8172222	29.80055556	-55.0347	294802095490201.0	274.9	-230.7	-49.4	-59.9	-70.4
-95.1563889	30.05888889	-26.31035	300331095092201.0	274.3	-254.1	-19.0	-29.5	-40.0
-95.1911111	30.09277778	-16.53235	300534095112801.0	274.3	-250.3	-9.5	-20.0	-30.5
-95.2816667	29.73777778	-40.7304	294415095165301.0	274.3	-269.7	-32.4	-42.9	-53.4
-95.1927778	29.23305556	-13.9827	291359095113401.0	273.7	-269.6	-5.6	-16.1	-26.6
-95.2833333	29.7897222	-41.0078	294722095165901.0	273.4	-261.9	-33.2	-43.7	-54.2
-95.6222222	29.95694444	-37.6245	295722095372001.0	272.8	-231.7	-31.9	-42.4	-52.9
-95.5247222	30.21888889	-58.6725	301309095313001.0	271.3	-218.6	-53.9	-64.4	-74.9
-95.6138889	30.22138889	-50.69285	301318095364501.0	270.4	-203.7	-46.9	-57.4	-67.9
-95.6838889	29.69555556	-25.0576	294144095410001.0	267.6	-239.4	-18.8	-29.3	-39.8
-95.2869444	29.68527778	-42.76345	294106095171201.0	267.0	-256.7	-35.3	-45.8	-56.3
-95.6205556	29.3486111	-10.21385	292054095371301.0	266.4	-248.9	-3.3	-13.8	-24.3
-95.5988889	29.68083333	-38.7355	294050095355501.0	265.8	-241.2	-32.4	-42.9	-53.4
-95.8144444	29.3222222	6.0259	291919095485101.0	265.5	-242.7	12.5	2.0	-8.5
-95.1102778	29.39416667	-19.35935	292338095063601.0	265.2	-256.7	-11.9	-22.4	-32.9
-95.4913306	30.1248111	-82.7151	300732095292101.0	265.2	-226.6	-77.4	-87.9	-98.4
-95.7377778	29.64666667	-17.1846	293848095441601.0	265.2	-238.9	-11.0	-21.5	-32.0
-95.5894444	29.2197222	-10.9027	291305095352201.0	264.3	-253.6	-3.7	-14.2	-24.7
-95.1208333	29.72	-40.0202	294311095071401.0	260.6	-254.3	-32.7	-43.2	-53.7
-95.635	29.48333333	-20.7538	292859095380501.0	260.0	-239.3	-14.5	-25.0	-35.5
-95.6969444	29.5461111	-17.29585	293245095414801.0	256.0	-231.3	-11.6	-22.1	-32.6
-95.2163889	30.0822222	-28.58105	300403095125402.0	255.7	-232.2	-22.8	-33.3	-43.8
-95.9577778	29.87194444	30.416	295218095572701.0	255.7	-199.1	33.9	23.4	12.9
-95.38	29.61027778	-45.432	293637095224801.0	255.4	-238.4	-39.2	-49.7	-60.2
-94.9688889	30.0036111	-7.2573	300013094580901.0	255.1	-234.7	-1.3	-11.8	-22.3
-95.5058333	30.23666667	-58.4378	301412095302101.0	254.8	-201.5	-54.8	-65.3	-75.8
-94.9936111	30.39944444	39.8374	302353094593701.0	254.5	-205.9	43.8	33.3	22.8
-95.2080556	30.06694444	-28.0568	300359095122902.0	253.6	-232.0	-22.3	-32.8	-43.3
-95.2811111	29.5461111	-35.8201	293243095165201.0	253.0	-238.4	-29.6	-40.1	-50.6
-95.2125	30.07388889	-28.7884	300426095123902.0	252.1	-228.3	-23.3	-33.8	-44.3
-95.5466667	29.97055556	-47.2074	295754095324901.0	251.2	-213.4	-42.8	-53.3	-63.8
-95.4377778	29.19416667	-13.9476	291138095261501.0	249.6	-240.5	-7.6	-18.1	-28.6
-95.0794444	29.42638889	-21.2415	292534095044501.0	246.9	-240.4	-14.9	-25.4	-35.9
-95.4575	30.20777778	-66.7832	301228095272501.0	246.0	-206.6	-62.8	-73.3	-83.8
-94.8950028	29.416325	-12.3581	292458094534206.0	243.8	-242.1	-5.9	-16.4	-26.9
-95.6544444	29.7325	-28.8752	294356095391501.0	243.8	-215.9	-24.3	-34.8	-45.3
-95.535	29.9525	-55.024	295704095320301.0	242.3	-207.0	-51.0	-61.5	-72.0
-95.4877778	29.9247222	-55.220600000000005	295529095291601.0	240.8	-209.4	-51.1	-61.6	-72.1
-95.8642611	30.03158056	25.8288	300154095515101.0	240.8	-169.8	27.2	16.7	6.2
-94.9255556	29.4111111	-13.40055	292439094553101.0	239.3	-237.4	-7.3	-17.8	-28.3
-95.535	29.95305556	-54.5775	295705095320201.0	239.0	-203.5	-50.8	-61.3	-71.8
-95.0813889	29.4122222	-20.99765	292443095045201.0	238.0	-230.4	-15.4	-25.9	-36.4
-95.9147889	30.11908056	1.6703	300709095545301.0	237.1	-148.1	1.5	-9.0	-19.5
-95.0744444	29.36916667	-16.1468	292208095042701.0	236.2	-230.3	-10.5	-21.0	-31.5
-94.9080556	29.39388889	-10.7396	292337094542801.0	235.3	-232.3	-5.0	-15.5	-26.0
-95.5463889	29.94638889	-56.9275	295646095324601.0	235.3	-199.0	-53.5	-64.0	-74.5
-94.9044444	29.3761111	-10.5095	292233094541501.0	235.0	-231.8	-4.8	-15.3	-25.8
-95.0908333	29.4011111	-20.0482	292403095052601.0	235.0	-227.1	-14.7	-25.2	-35.7
-95.0960278	29.5518611	-26.2768	293306095054101.0	234.7	-228.7	-20.8	-31.3	-41.8
-95.2488889	30.10083333	-17.6022	300602095145501.0	234.7	-204.9	-13.8	-24.3	-34.8
-95.0469444	29.33055556	-14.0147	291949095024801.0	230.4	-224.4	-8.8	-19.3	-29.8
-96.0897222	30.3836111	51.7916	302301096052301.0	230.1	-165.3	52.9	42.4	31.9
-95.1019444	29.43888889	-23.2319	292619095060601.0	228.6	-223.5	-18.1	-28.6	-39.1
-95.8406306	29.9986611	22.2321	295955095502601.0	228.6	-165.5	23.3	12.8	2.3
-94.9608333	29.39027778	-11.7409	292324094573801.0	224.6	-221.7	-6.7	-17.2	-27.7
-95.525	29.82277778	-35.93745	294921095312907.0	223.7	-197.8	-32.6	-43.1	-53.6
-96.0819444	30.09527778	24.6888	300542096045401.0	223.1	-151.1	24.8	14.3	3.8
-95.1547222	29.49	-26.53895	292923095091601.0	222.5	-214.1	-22.1	-32.6	-43.1
-95.1591667	29.71055556	-38.3134	294237095093208.0	222.5	-214.0	-33.8	-44.3	-54.8
-95.5511111	29.95305556	-56.9793	295711095330201.0	222.5	-185.9	-54.5	-65.0	-75.5
-94.9258333	29.38444444	-10.79605	292303094553201.0	221.9	-217.8	-6.1	-16.6	-27.1
-95.2263889	29.39305556	-27.2918	292335095133501.0	221.9	-210.1	-23.1	-33.6	-44.1
-95.7158333	29.69444444	-19.25875	294140095425701.0	221.6	-193.4	-16.2	-26.7	-37.2
-95.3575	30.04444444	-39.4686	300239095212601.0	221.0	-195.6	-36.3	-46.8	-57.3
-95.5658333	30.2197222	-55.8988	301311095335701.0	218.8	-158.4	-55.3	-65.8	-76.3
-95.5727778	29.65916667	-42.3032	293932095342201.0	218.5	-194.3	-39.2	-49.7	-60.2
-95.0927778	29.5122222	-27.11655	293043095053301.0	216.4	-211.7	-22.8	-33.3	-43.8
-95.4783333	30.27055556	-42.61105	301614095284201.0	216.4	-175.0	-40.9	-51.4	-61.9
-95.5458333	29.94277778	-51.39535	295633095324401.0	214.3	-178.2	-49.4	-59.9	-70.4
-94.9419444	29.3875	-8.37435	292314094563001.0	214.0	-210.9	-4.1	-14.6	-25.1
-95.2533333	29.4347222	-34.71825	292603095150901.0	214.0	-201.0	-31.1	-41.6	-52.1
-95.4455556	30.2547222	-51.76415	301516095264301.0	214.0	-175.6	-50.0	-60.5	-71.0
-95.6322222	29.48444444	-21.08	292903095375501.0	214.0	-191.8	-18.2	-28.7	-39.2
-95.1844444	30.18277778	-23.18155	301047095104801.0	213.7	-187.0	-20.6	-31.1	-41.6
-95.145	29.91388889	-30.8244	295449095084103.0	213.1	-196.7	-27.6	-38.1	-48.6
-95.1252778	29.5472222	-23.7485	293246095072501.0	211.5	-205.1	-19.9	-30.4	-40.9
-94.9494444	29.43027778	-3.2248	292548094565601.0	210.9	-209.4	0.9	-9.6	-20.1
-95.2552778	29.42666667	-33.881600000000006	292535095151801.0	210.3	-197.4	-30.6	-41.1	-51.6
-94.8655556	29.5325	-15.21105	293156094515501.0	208.2	-208.2	-11.1	-21.6	-32.1
-95.0844444	29.55194444	-26.685250000000003	293306095050801.0	207.3	-203.6	-22.9	-33.4	-43.9
-95.0961111	29.54638889	-28.96515	293247095054601.0	207.3	-202.3	-25.3	-35.8	-46.3
-95.6472222	30.22638889	-44.4033	301335095385001.0	206.3	-140.3	-45.1	-55.6	-66.1
-95.7990556	29.3991111	-1.841	292356095475701.0	205.7	-180.1	0.3	-10.2	-20.7
-95.5402778	29.9475	-57.22925	295650095322301.0	205.1	-168.5	-55.9	-66.4	-76.9
-94.9419444	29.495	-13.5956	292941094563001.0	204.2	-201.2	-10.0	-20.5	-31.0
-94.9775	29.4925	-18.4526	292935094583301.0	204.2	-200.7	-14.9	-25.4	-35.9
-94.9786111	29.48694444	-19.4051	292913094584301.0	203.0	-199.5	-15.9	-26.4	-36.9
-95.2225	30.01916667	-25.26795	300111095132302.0	203.0	-186.0	-22.7	-33.2	-43.7
-94.9825	29.48333333	-19.9918	292900094585501.0	202.4	-198.5	-16.6	-27.1	-37.6
-95.8222222	29.76916667	-30.0868	294607095492201.0	202.4	-162.3	-29.2	-39.7	-50.2
-95.7486111	30.20527778	-20.5252	301218095445401.0	201.8	-118.6	-22.7	-33.2	-43.7
-94.7241667	30.2372222	15.05715	301411094432601.0	201.2	-174.0	16.7	6.2	-4.3
-94.9836111	29.48083333	-18.15235	292841094584901.0	201.2	-197.9	-14.8	-25.3	-35.8
-95.0608333	29.5797222	-26.721850000000003	293446095033901.0	201.2	-196.6	-23.5	-34.0	-44.5
-95.2172222	30.135	-10.04925	300806095130201.0	201.2	-169.5	-8.7	-19.2	-29.7
-95.645	29.14305556	-11.22275	290834095384201.0	200.9	-190.4	-8.4	-18.9	-29.4
-95.8102778	29.5897222	-4.4729	293523095483701.0	200.9	-173.4	-2.8	-13.3	-23.8
-94.9808333	29.47833333	-18.12955	292848094590001.0	198.4	-195.2	-15.0	-25.5	-36.0
-95.4797222	29.725	-41.47715	294329095284603.0	196.9	-178.8	-39.5	-50.0	-60.5
-94.9113889	29.36888889	-10.1041	292207094544001.0	196.6	-194.6	-7.0	-17.5	-28.0
-95.1183333	29.53305556	-29.12975	293202095070301.0	196.6	-190.3	-26.3	-36.8	-47.3
-95.9865278	30.0721111	5.99695	300419095591101.0	196.6	-112.5	3.4	-7.1	-17.6
-95.6605556	30.13388889	-47.5397	300801095393701.0	195.7	-138.0	-48.4	-58.9	-69.4
-95.6883333	29.7175	-15.8069	294302095411801.0	195.1	-166.9	-14.6	-25.1	-35.6
-95.7555556	29.41666667	9.3025	292459095451901.0	193.9	-171.4	10.8	0.3	-10.2
-95.1402778	29.56277778	-29.3065	293344095082301.0	193.5	-183.7	-26.9	-37.4	-47.9
-95.2922222	30.1222222	-12.6858	300720095173201.0	193.2	-160.6	-11.9	-22.4	-32.9
-95.1191667	29.5661111	-28.43935	293357095070801.0	192.0	-186.0	-25.9	-36.4	-46.9
-95.0952778	29.56666667	-27.89075	293401095054301.0	191.7	-186.8	-25.3	-35.8	-46.3
-95.4513889	29.7275	-49.7891	294338095270406.0	191.1	-174.1	-48.1	-58.6	-69.1
-95.455	30.12388889	-20.8178	300726095271801.0	189.6	-154.8	-20.5	-31.0	-41.5
-95.2236111	30.15694444	-5.74245	300925095132501.0	189.0	-159.0	-5.1	-15.6	-26.1
-95.2558333	29.55027778	-31.3243	293000095171201.0	189.0	-175.4	-29.5	-40.0	-50.5
-95.6511111	29.9741111	-19.0012	295826095390401.0	188.4	-145.1	-19.3	-29.8	-40.3
-95.2358333	29.54833333	-31.306	293253095141001.0	188.1	-176.5	-29.5	-40.0	-50.5
-95.0980556	29.59333333	-27.9837	293539095054201.0	185.9	-180.7	-25.8	-36.3	-46.8
-95.7280556	30.01527778	11.6677	300055095434101.0	184.4	-131.7	10.4	-0.1	-10.6
-95.2425	30.14694444	-8.702	300849095143301.0	182.9	-149.2	-8.8	-19.3	-29.8
-95.3283333	30.3897222	21.07845	302323095194201.0	182.9	-97.0	17.4	6.9	-3.6
-95.5836111	30.03666667	-22.9423	300211095350102.0	182.9	-137.1	-23.8	-34.3	-44.8
-95.8065972	29.9104472	-1.0089	295438095482401.0	182.9	-133.8	-2.1	-12.6	-23.1
-95.9773889	30.0963611	-1.2375	300547095583901.0	182.9	-97.1	-4.9	-15.4	-25.9
-95.0466667	29.6997222	-26.36215	294158095024701.0	180.1	-172.5	-24.8	-35.3	-45.8
-95.2552778	29.5147222	-19.237450000000003	293005095151801.0	180.1	-167.7	-18.0	-28.5	-39.0
-95.0344444	29.5397222	-26.5039	293222095020301.0	179.8	-177.7	-24.6	-35.1	-45.6
-95.4058333	30.14583333	-1.143	300844095242101.0	179.8	-144.2	-1.5	-12.0	-22.5
-95.9538889	29.435	13.3929	292605095571301.0	179.8	-150.9	13.5	3.0	-7.5
-95.9852778	30.09566667	7.3777	300544095590701.0	178.9	-92.0	3.3	-7.2	-17.7
-95.0455556	29.66388889	-27.01445	293949095024301.0	178.3	-172.4	-25.4	-35.9	-46.4
-95.3391667	30.07805556	-23.7485	300439095202201.0	178.3	-150.7	-23.7	-34.2	-44.7
-95.9858611	30.0988611	11.3035	300556095590901.0	178.3	-96.4	7.6	-2.9	-13.4
-95.0141667	30.1225	7.3609	300720095005201.0	176.8	-150.5	7.4	-3.1	-13.6
-95.0230556	29.65277778	-25.84095	293909095012201.0	176.2	-171.7	-24.3	-34.8	-45.3
-95.9937778	30.09625	9.4732	300547095593802.0	174.3	-95.9	5.7	-4.8	-15.3
-95.3286111	30.3836111	21.4488	302301095194301.0	173.7	-92.1	17.4	6.9	-3.6
-95.4522222	30.14055556	-7.659649999999999	300826095270801.0	173.7	-132.8	-8.9	-19.4	-29.9
-95.4363889	29.8686111	-34.7411	295207095262102.0	172.2	-146.6	-35.0	-45.5	-56.0
-95.4766667	29.58166667	-41.9283	293453095283501.0	172.2	-151.4	-41.8	-52.3	-62.8
-95.7733333	29.91833333	12.893	295505095462201.0	172.2	-123.8	11.1	0.6	-9.9
-95.9338889	29.41583333	13.5849	292456095560101.0	171.9	-142.9	13.1	2.6	-7.9
-95.0630556	29.7286111	-26.734	294342095034601.0	170.7	-164.0	-25.8	-36.3	-46.8
-95.4052778	30.0297222	-43.23895	300146095241801.0	170.7	-144.1	-43.7	-54.2	-64.7
-95.4130556	30.14388889	-3.2095	300838095244701.0	170.1	-134.5	-4.3	-14.8	-25.3
-95.9261111	30.055	18.4434	300318095553401.0	170.1	-93.8	14.5	4.0	-6.5
-95.288	30.507	52.591750000000005	303025095171701.0	169.5	-53.3	45.8	35.3	24.8
-95.1175	29.9722222	-14.9901	295817095065501.0	169.2	-149.5	-15.0	-25.5	-36.0
-95.5994444	30.32527778	18.79095	301931095355801.0	167.8	-91.5	14.7	4.2	-6.3
-95.5994444	30.04694444	-21.304	300249095355701.0	167.6	-118.5	-23.5	-34.0	-44.5
-95.6361111	29.63694444	-30.0746	293812095380901.0	167.3	-142.1	-30.6	-41.1	-51.6
-95.25	29.6597222	-38.1	293935095150004.0	167.0	-154.2	-37.8	-48.3	-58.8
-95.0716667	29.72305556	-26.83	294322095041701.0	165.2	-157.1	-26.3	-36.8	-47.3
-95.7331	29.8014	-10.8082	294805095435901.0	164.9	-127.1	-12.4	-22.9	-33.4
-95.1444444	29.91444444	-26.5923	295451095083901.0	164.6	-147.2	-26.8	-37.3	-47.8
-95.4916667	29.40083333	-18.541	293401095293002.0	163.7	-145.4	-18.9	-29.4	-39.9
-94.8952778	29.41638889	-12.39925	292458094534204.0	163.1	-161.5	-11.6	-22.1	-32.6
-95.67	29.78777778	-21.9913	294716095401201.0	162.5	-132.6	-23.2	-33.7	-44.2
-95.9267778	30.05875	33.8999	300332095553601.0	162.5	-84.2	29.3	18.8	8.3
-95.125	30.5936111	41.5199	303537095073001.0	162.2	-58.4	35.1	24.6	14.1
-94.9822222	30.32194444	21.58895	301938094585501.0	161.5	-119.7	19.5	9.0	-1.5
-95.125	29.73055556	-27.3954	294349095072901.0	161.5	-154.2	-27.1	-37.6	-48.1
-95.6041667	30.05083333	-20.9184	300301095361301.0	161.5	-113.3	-23.5	-34.0	-44.5
-95.4630556	29.50055556	-8.5954	293001095274601.0	159.7	-140.4	-9.3	-19.8	-30.3
-94.9825	30.3236111	20.30885	301924094585601.0	159.4	-117.4	18.0	7.5	-3.0
-95.0797222	29.7497222	-25.6855	294458095044601.0	158.8	-152.2	-25.5	-36.0	-46.5
-95.7622222	29.58305556	-0.5440499999999999	293458095454301.0	157.9	-130.2	-1.9	-12.4	-22.9
-95.8480556	29.39833333	7.73275	292354095505301.0	157.9	-130.5	6.4	-4.1	-14.6
-95.4058333	30.4147222	32.0832	302452095242001.0	157.0	-71.6	26.6	16.1	5.6
-95.3406583	29.26259444	2.0879	291545095202401.0	156.7	-148.7	2.0	-8.5	-19.0
-95.0305556	29.75777778	-24.72385	294527095014901.0	156.1	-148.7	-24.8	-35.3	-45.8
-95.1380556	29.94555556	-24.54855	295651095083501.0	156.1	-137.8	-25.4	-35.9	-46.4
-95.0455556	29.8236111	-20.2753	294924095024301.0	155.4	-143.5	-20.7	-31.2	-41.7
-95.0580556	29.72694444	-26.1031	294334095032901.0	155.4	-151.8	-26.0	-36.5	-47.0
-95.80675	29.68695	1.556	294113095482401.0	155.4	-118.6	-0.6	-11.1	-21.6
-95.4019444	30.1122222	-17.6784	300637095240801.0	154.2	-122.1	-19.6	-30.1	-40.6
-95.5813889	28.98888889	-12.1859	285919095344701.0	154.2	-150.1	-12.2	-22.7	-33.2
-94.9852778	30.36583333	39.1729	302154094590701.0	153.0	-106.3	36.1	25.6	15.1
-95.1108333	29.73305556	-48.8686	294358095063801.0	153.0	-147.0	-49.1	-59.6	-70.1
-95.0416667	29.7772222	-23.86275	294637095022901.0	152.4	-145.1	-24.2	-34.7	-45.2
-95.4408333	30.12833333	-7.0683	300741095262601.0	152.4	-115.4	-9.5	-20.0	-30.5
-95.7555556	29.56083333	6.46175	293338095451901.0	152.4	-124.3	4.7	-5.8	-16.3
-95.0252778	29.8036111	-22.0066	294812095013001.0	151.8	-142.2	-22.6	-33.1	-43.6
-95.865	29.69527778	4.8143	294142095515301.0	150.6	-108.9	1.9	-8.6	-19.1
-95.3630556	30.11166667	-17.00475	300643095214301.0	150.0	-120.1	-19.1	-29.6	-40.1
-95.0102778	30.49777778	16.6908	303000095002001.0	149.4	-96.6	13.0	2.5	-8.0
-95.3338889	29.79138889	-38.221900000000005	294728095200103.0	148.4	-134.4	-39.3	-49.8	-60.3
-95.0055556	30.36777778	27.8404	302204095002001.0	146.3	-100.0	24.3	13.8	3.3
-95.3330556	29.49138889	-14.0147	292927095195801.0	146.3	-129.2	-15.5	-26.0	-36.5
-95.1691667	29.74055556	-28.1788	294425095100801.0	145.4	-142.8	-28.7	-39.2	-49.7
-95.2888889	29.3486111	-11.9878	292054095171901.0	144.2	-135.1	-13.0	-23.5	-34.0
-95.8113889	29.20305556	2.7097	291210095484001.0	144.2	-127.4	1.1	-9.4	-19.9
-94.9611111	30.3111111	19.302950000000003	301840094574501.0	143.0	-102.4	16.0	5.5	-5.0
-95.5791667	29.76083333	-27.685	294538095344601.0	142.3	-119.7	-29.8	-40.3	-50.8
-95.6327778	29.5822222	-18.5837	293455095375701.0	141.1	-119.8	-20.7	-31.2	-41.7
-95.0736111	29.7672222	-22.7655	294601095041901.0	140.8	-133.4	-23.9	-34.4	-44.9
-95.3558333	30.19333333	-10.25045	301136095212101.0	140.8	-97.1	-14.0	-24.5	-35.0
-95.0735278	30.25819444	13.54225	301529095042401.0	140.2	-101.2	10.1	-0.4	-10.9
-95.8102778	29.5897222	2.3119	293523095483702.0	140.2	-112.8	-0.3	-10.8	-21.3
-95.8583333	29.75305556	1.92635	294511095513001.0	140.2	-96.5	-1.8	-12.3	-22.8
-95.6636111	30.2147222	31.7266	301250095400701.0	138.4	-64.7	25.8	15.3	4.8
-95.0044444	30.3661111	40.38145	302156095001501.0	137.8	-91.7	36.3	25.8	15.3
-95.6808333	29.07944444	-5.7729	290446095405101.0	137.2	-131.4	-7.1	-17.6	-28.1
-95.9286111	29.67555556	13.16735	294031095554201.0	137.2	-105.2	10.0	-0.5	-11.0
-95.1594444	30.23888889	10.9774	301420095093201.0	134.1	-95.7	7.2	-3.3	-13.8
-95.6447222	30.69305556	69.0585	304131095383901.0	134.1	-12.5	59.4	48.9	38.4
-95.03065	29.75784167	-23.90395	294527095014910.0	131.4	-124.1	-25.7	-36.2	-46.7
-95.7627778	29.58305556	-0.0395999999999999	293458095454501.0	131.4	-103.9	-3.3	-13.8	-24.3
-95.4122222	30.13138889	-7.5042	300742095244301.0	129.5	-95.7	-11.3	-21.8	-32.3
-95.8691667	29.5922222	17.2364	293528095515701.0	128.6	-93.2	13.3	2.8	-7.7
-95.5928389	29.06947778	-12.39925	290410095353401.0	128.0	-119.8	-14.5	-25.0	-35.5
-95.6144444	30.08944444	14.8285	300521095365101.0	125.6	-70.5	9.3	-1.2	-11.7
-94.9161111	29.7561111	-19.047	294521094545901.0	124.7	-119.7	-21.2	-31.7	-42.2
-94.9122222	29.75638889	-18.6873	294523094544401.0	122.8	-117.4	-21.0	-31.5	-42.0
-94.9252778	29.75138889	-19.5651	294504094553601.0	122.5	-117.1	-21.9	-32.4	-42.9
-94.9311111	30.13083333	3.5875	300748094554501.0	122.2	-92.8	-0.4	-10.9	-21.4
-95.3619444	29.12444444	-5.3203	290728095214301.0	122.2	-120.7	-7.4	-17.9	-28.4
-94.8952778	29.41638889	-8.11225	292458094534203.0	121.9	-120.3	-10.2	-20.7	-31.2
-95.0522222	30.33027778	24.7391	301948095030701.0	121.9	-80.0	19.8	9.3	-1.2
-95.2319444	29.33027778	-17.1145	291948095135401.0	121.9	-115.7	-19.5	-30.0	-40.5
-95.4497222	29.31550278	-8.97025	291855095265901.0	121.9	-108.2	-11.9	-22.4	-32.9
-95.6444444	29.7686111	-15.30855	294606095383901.0	121.9	-96.9	-19.0	-29.5	-40.0
-95.1186111	29.5636111	-21.6088	293348095070602.0	119.5	-113.7	-24.1	-34.6	-45.1
-95.3103	29.93636944	-27.1424	295610095183701.0	119.2	-97.5	-30.8	-41.3	-51.8
-95.1591667	29.71055556	-28.2428	294237095093202.0	118.9	-110.4	-31.0	-41.5	-52.0
-95.8785	29.86630556	-3.4488000000000003	295158095524201.0	118.9	-66.1	-9.3	-19.8	-30.3
-95.6966667	30.31805556	24.5684	301904095414801.0	118.6	-24.8	15.8	5.3	-5.2
-95.5469444	30.13638889	18.0411	300811095324902.0	115.8	-61.9	11.9	1.4	-9.1
-95.9769444	29.70555556	22.5552	294219095583601.0	115.2	-79.6	17.6	7.1	-3.4
-94.9208333	29.82583333	-19.2512	294932094551401.0	114.3	-106.3	-22.3	-32.8	-43.3
-95.5647222	29.49777778	-10.98495	292951095335201.0	114.3	-96.1	-14.8	-25.3	-35.8
-94.9641667	30.40833333	25.70225	302422094563403.0	112.8	-63.9	19.7	9.2	-1.3
-95.3697222	29.5211111	-20.5374	293113095220001.0	112.8	-93.8	-24.5	-35.0	-45.5
-94.9616667	30.40944444	25.6398	302434094574101.0	111.3	-61.4	19.4	8.9	-1.6
-95.4202778	30.16805556	6.0533	301002095251401.0	109.7	-74.4	0.8	-9.7	-20.2
-95.7411111	30.17194444	36.6735	301020095442801.0	109.7	-38.5	28.9	18.4	7.9
-95.4430556	30.41	59.0062	302436095263501.0	106.7	-16.6	49.7	39.2	28.7
-94.9647222	30.3111111	19.72665	301839094575201.0	105.8	-64.6	13.7	3.2	-7.3
-95.3536111	30.01694444	-8.1504	300101095211301.0	105.5	-79.9	-13.1	-23.6	-34.1
-95.3022222	30.315	21.97305	301853095180701.0	105.2	-48.4	14.9	4.4	-6.1
-95.2304111	30.20205833	10.9423	301207095134901.0	104.9	-69.2	5.3	-5.2	-15.7
-95.41	29.06277778	-3.0145	290346095243601.0	103.6	-99.4	-6.6	-17.1	-27.6
-95.4275	29.05583333	-22.22905	290320095253801.0	103.0	-97.8	-25.9	-36.4	-46.9
-95.7042361	30.25965556	48.5897	301534095421501.0	103.0	-25.3	39.9	29.4	18.9
-95.5047222	30.42027778	44.20975	302511095300001.0	102.4	12.3	32.8	22.3	11.8
-95.1883333	29.02833333	-1.8898	290142095111801.0	102.1	-100.6	-5.3	-15.8	-26.3
-95.4380556	29.05555556	-22.55065	290320095261701.0	102.1	-96.6	-26.3	-36.8	-47.3
-95.4255556	29.0161111	-21.5661	290100095253201.0	101.2	-98.2	-25.2	-35.7	-46.2
-95.4413889	29.03305556	-27.65295	290159095262701.0	101.2	-97.2	-31.3	-41.8	-52.3
-95.8513889	30.0297222	31.8059	300146095510402.0	101.2	-32.9	23.6	13.1	2.6
-95.0305556	29.75777778	-22.1955	294527095014905.0	98.8	-91.4	-26.3	-36.8	-47.3
-95.7705278	29.97817778	8.7356	295841095461301.0	98.8	-48.8	1.7	-8.8	-19.3
-95.3172222	30.21944444	19.441650000000003	301310095190201.0	97.5	-55.4	12.8	2.3	-8.2
-95.3822222	29.60277778	-28.511	293610095225601.0	96.0	-79.9	-33.4	-43.9	-54.4
-95.7427778	29.62527778	-1.236	293730095443301.0	95.7	-70.2	-6.8	-17.3	-27.8
-95.1569444	29.7675	-26.0848	294602095092405.0	94.5	-87.1	-30.5	-41.0	-51.5
-95.90955	30.16316667	2.85595	300947095543401.0		94.5	-14.3	-24.8	-35.3
-95.5958333	30.00194444	-1.268	300007095354701.0	93.0	-50.5	-8.2	-18.7	-29.2
-95.8033333	29.58527778	8.638	293506095481101.0	93.0	-66.0	2.8	-7.7	-18.2
-95.3477778	29.22916667	-1.69165	291344095205101.0	92.7	-85.4	-6.2	-16.7	-27.2
-96.0030556	29.52083333	18.4374	293114096001001.0	92.7	-57.6	12.0	1.5	-9.0
-94.8952778	29.41638889	-7.1902	292458094534202.0	92.0	-90.4	-11.4	-21.9	-32.4
-95.7447222	30.0797222	31.0896	300447095444101.0	92.0	-20.8	22.0	11.5	1.0
-95.0213889	29.5647222	-16.8676	293352095011605.0	91.4	-89.0	-21.1	-31.6	-42.1
-95.2897222	28.9486111	-11.87505	285655095172302.0	91.4	-89.9	-16.1	-26.6	-37.1
-95.3055556	30.1111111	5.6906	300640095182001.0	91.4	-59.5	-0.6	-11.1	-21.6
-95.4144444	30.11305556	-11.8674	300647095245201.0	91.4	-58.9	-18.2	-28.7	-39.2
-95.3338889	29.79138889	-26.7401	294728095200105.0	90.8	-76.8	-31.9	-42.4	-52.9
-95.7419444	30.1161111	35.98775	300658095443101.0	90.8	-21.5	27.0	16.5	6.0
-96.0363889	30.2461111	34.9484	301445096020901.0	89.3	-8.6	25.1	14.6	4.1
-95.9316667	29.60194444	18.6141	293606095555301.0	89.0	-55.1	12.0	1.5	-9.0
-94.9641667	30.40833333	25.8074	302429094575101.0	87.5	-38.6	18.0	7.5	-3.0
-95.2827778	30.1225	-12.6568	300720095165701.0	86.9	-53.8	-19.4	-29.9	-40.4
-95.5944444	30.1286111	29.2745	300743095354001.0	85.3	-36.1	21.3	10.8	0.3
-95.5758333	30.23277778	37.5178	301358095343301.0	82.3	-17.4	28.2	17.7	7.2
-96.0058333	29.5022222	18.27125	293007096002001.0	82.3	-48.3	11.2	0.7	-9.8
-95.8277778	30.255	65.4223	301518095494001.0	81.4	11.3	54.1	43.6	33.1
-95.9822778	30.0707222	9.5677	300414095585601.0		81.3	-6.6	-17.1	-27.6
-95.4316667	30.20416667	19.187150000000003	301215095255401.0	80.8	-43.3	11.7	1.2	-9.3
-95.4836111	30.33027778	46.2976	301948095290002.0	79.6	-6.8	36.3	25.8	15.3
-95.3561111	28.9625	-6.1158	285744095212102.0	78.6	-77.1	-11.2	-21.7	-32.2
-95.08	29.74277778	-12.9921	294433095044701.0	78.0	-72.4	-18.4	-28.9	-39.4
-95.4327778	30.20944444	21.5707	301234095255802.0	78.0	-39.6	13.8	3.3	-7.2
-95.4513889	29.7275	-30.4678	294338095270405.0	77.1	-60.1	-36.8	-47.3	-57.8
-95.7197222	30.04408333	18.0213	300239095431101.0	76.2	-19.6	8.9	-1.6	-12.1
-95.3644444	28.94888889	-7.2893	285654095215101.0	75.9	-74.4	-12.6	-23.1	-33.6
-95.4630556	30.14	1.1643	300824095274701.0	75.0	-33.6	-7.0	-17.5	-28.0
-95.695	30.4025	30.131	302409095414201.0		73.9	14.5	4.0	-6.5
-95.8191667	29.80277778	1.9934	294807095484901.0	73.2	-28.4	-6.5	-17.0	-27.5
-95.5866667	29.79083333	-19.06675	294726095351104.0	72.2	-44.8	-26.4	-36.9	-47.4
-96.0819444	30.09527778	25.7434	300542096045402.0		72.0	10.2	-0.3	-10.8
-95.3402778	29.2275	2.49635	291338095202401.0	71.6	-65.4	-3.4	-13.9	-24.4
-95.3247222	28.9997222	-8.55575	290000095192602.0	70.7	-69.2	-14.2	-24.7	-35.2
-95.7027778	29.0372222	1.42185	290214095421101.0	68.9	-58.5	-5.0	-15.5	-26.0
-95.4163889	30.08277778	16.7213	300457095245801.0	68.6	-31.8	8.4	-2.1	-12.6
-95.3616667	28.92694444	-6.7239	285537095214001.0	68.3	-66.8	-12.5	-23.0	-33.5
-95.6605556	30.19416667	44.0832	301139095393801.0	67.1	-6.0	34.0	23.5	13.0
-95.4013889	29.03694444	-4.3891	290213095240501.0	64.6	-59.8	-10.7	-21.2	-31.7
-94.8952778	29.41638889	-4.49125	292458094534201.0	64.0	-62.4	-10.6	-21.1	-31.6
-95.1402778	30.6411111	39.7474	303826095082401.0	64.0	-23.1	30.9	20.4	9.9
-95.1569444	29.7675	-25.037750000000003	294602095092403.0	64.0	-56.6	-31.6	-42.1	-52.6
-95.1647222	30.69305556	35.5656	304207095103001.0	64.0	-18.8	26.4	15.9	5.4
-95.2480556	30.32527778	39.28875	301931095145301.0	64.0	-8.4	29.4	18.9	8.4
-95.7030556	30.165	47.19370000000001	300954095421101.0	64.0	11.0	35.9	25.4	14.9
-95.7766667	30.12138889	44.4017	300717095463601.0	62.2	-0.7	34.0	23.5	13.0
-95.1430556	29.91388889	-9.24305	295449095083401.0	59.7	-44.4	-16.6	-27.1	-37.6
-95.7011111	29.0375	-0.30785	290215095420301.0	59.1	-48.7	-7.4	-17.9	-28.4
-95.7005556	29.03805556	-0.8519000000000001	290216095420102.0	57.3	-47.4	-8.0	-18.5	-29.0
-95.4997222	30.0872222	31.63825	300514095295901.0	54.9	-11.5	21.9	11.4	0.9
-95.0305556	29.75777778	-14.8529	294527095014903.0	51.8	-44.5	-22.2	-32.7	-43.2
-95.4333333	30.08416667	16.604	300503095260001.0	51.8	-13.4	7.0	-3.5	-14.0
-94.8105833	29.84596667	-0.05335	295045094483801.0	50.6	-41.0	-7.7	-18.2	-28.7
-95.5769444	30.15416667	29.2456	300915095343701.0	50.0	-7.2	19.2	8.7	-1.8
-95.5769444	30.25138889	38.0817	301505095343702.0	49.1	1.6	27.5	17.0	6.5
-95.0213889	29.5647222	-1.99795	293352095011604.0	45.7	-43.3	-9.5	-20.0	-30.5
-95.6877778	29.06305556	3.8588	290346095411301.0	45.7	-39.4	-3.9	-14.4	-24.9
-94.635	29.8322222	4.93315	294957094380801.0	42.1	-33.8	-3.2	-13.7	-24.2
-95.2499611	29.6609361	4.1758	293939095145922.0	41.5	-31.8	-4.1	-14.6	-25.1
-95.08	29.74277778	1.8562	294433095044702.0	39.0	-33.4	-6.3	-16.8	-27.3
-95.4513889	30.22916667	-58.5536	301345095270501.0		38.3	-71.7	-82.2	-92.7
-95.6313333	29.7906111	22.6436	294726095375300.0		37.0	9.6	-0.9	-11.4
-95.6533333	29.79083333	26.0406	294727095391200.0		36.9	13.0	2.5	-8.0
-95.6366667	30.28638889	73.1779	301711095381201.0	36.6	46.0	59.5	49.0	38.5
-95.6994444	29.8	0.701	294800095415801.0	36.1	-4.1	-9.5	-20.0	-30.5
-95.7080556	30.4436111	68.833	302636095422801.0	36.0	37.2	55.7	45.2	34.7
-95.2394444	30.14194444	-9.4701	300831095142101.0		35.0	-22.4	-32.9	-43.4
-95.2501917	29.65988889	4.4196	293935095150001.0	34.7	-21.2	-4.6	-15.1	-25.6
-95.6475278	29.78116667	22.7381	294652095385100.0		34.4	9.8	-0.7	-11.2
-95.6465556	29.76408333	20.6014	294551095384800.0		34.1	7.7	-2.8	-13.3
-95.0305556	29.75777778	1.1445	294527095014902.0	33.5	-26.2	-7.5	-18.0	-28.5
-95.3908333	30.12444444	-86.3316	300728095232701.0		33.5	-99.2	-109.7	-120.2
-95.4836111	30.33	57.1012	301948095290003.0	33.4	40.2	43.8	33.3	22.8
-95.6236111	29.79083333	20.4871	294727095372501.0		32.9	7.7	-2.8	-13.3
-95.2494944	29.65970833	3.9929	293934095145824.0	32.8	-23.1	-4.9	-15.4	-25.9
-95.2500944	29.65836667	3.6576	293930095150023.0	32.5	-22.8	-5.2	-15.7	-26.2
-95.6466944	29.7728611	23.58545	294622095384800.0		32.0	10.8	0.3	-10.2
-95.2511583	29.6597361	3.6576	293935095150425.0	31.9	-22.1	-5.3	-15.8	-26.3
-95.6533056	29.79052778	25.8684	294726095391200.0		30.7	13.2	2.7	-7.8
-95.1591667	29.71055556	5.1755	294237095093203.0	30.5	-22.0	-3.8	-14.3	-24.8
-95.6441667	29.79083333	24.4541	294727095383901.0	30.5	0.0	14.0	3.5	-7.0
-95.6160556	29.79033333	21.7414	294725095365800.0		29.7	9.2	-1.3	-11.8
-95.6472778	29.7813611	22.863	294653095385000.0		28.7	10.4	-0.1	-10.6
-95.6008611	29.79019444	21.35125	294725095360300.0		28.3	8.9	-1.6	-12.1
-95.6160833	29.7901222	21.7383	294724095365800.0		28.2	9.3	-1.2	-11.7
-95.6461944	29.76405556	20.6898	294551095384600.0		27.9	8.2	-2.3	-12.8
-95.6064167	29.79013889	22.01115	294724095362300.0		27.6	9.6	-0.9	-11.4
-95.60725	29.79013889	21.2628	294724095362600.0		27.5	8.8	-1.7	-12.2
-95.08	29.74277778	1.8776	294433095044703.0	26.2	-20.6	-7.2	-17.7	-28.2
-95.6463056	29.77280556	21.5585	294622095384700.0		26.2	9.2	-1.3	-11.8
-95.6236111	29.79027778	18.1036	294725095372501.0		25.6	5.8	-4.7	-15.2
-95.4880556	30.05916667	16.8158	300333095291701.0	25.5	14.1	5.3	-5.2	-15.7
-95.7080556	30.4436111	68.8391	302636095422802.0	25.3	47.9	55.0	44.5	34.0
-95.4836111	30.33027778	56.324	301948095290004.0	24.4	48.4	42.4	31.9	21.4
-95.6441667	29.79055556	24.5349	294726095383901.0	23.9	12.7	13.1	2.6	-7.9
-95.5080556	30.16888889	41.3949	301008095302902.0	22.3	28.3	28.9	18.4	7.9
-95.5222222	30.0122222	17.91	300044095312001.0	20.2	14.1	6.4	-4.1	-14.6
-95.2741667	29.70194444	5.43305	294206095162602.0	19.5	-10.0	-4.4	-14.9	-25.4
-95.0305556	29.75777778	4.6177	294527095014913.0	18.3	-10.9	-5.1	-15.6	-26.1
-95.7080556	30.4436111	68.772	302636095422803.0	18.3	54.9	54.4	43.9	33.4
-95.3338889	30.03194444	9.9913	300155095200201.0	16.3	4.6	-0.8	-11.3	-21.8
-95.5152778	30.20555556	48.43275	301220095305503.0	16.3	42.7	34.9	24.4	13.9
-95.6908333	29.7825	20.4186	294657095412701.0	16.3	16.3	8.8	-1.7	-12.2
-95.6464444	29.76980556	20.91385	294611095384703.0	16.2	14.8	9.4	-1.1	-11.6
-95.7575	29.80194444	33.8877	294807095452701.0	16.2	23.7	21.7	11.2	0.7
-95.5866667	29.79083333	23.7805	294726095351101.0	14.9	12.5	12.4	1.9	-8.6
-95.7167306	30.5753611	97.6122	303431095430003.0	14.9	89.9	80.8	70.3	59.8
-95.3671889	30.67030556	115.5802	304013095220101.0	14.8	110.2	97.4	86.9	76.4
-95.4538889	30.1561111	36.5455	300922095271401.0	14.6	28.1	24.1	13.6	3.1
-95.6008889	29.79063889	24.0365	294726095360300.0	14.2	20.3	12.1	1.6	-8.9
-95.6047222	29.95388889	33.2476	295714095361701.0	14.2	25.8	20.9	10.4	-0.1
-95.6064167	29.7906111	24.03195	294726095362300.0	14.0	20.6	12.1	1.6	-8.9
-95.6455278	29.79077778	25.124650000000003	294726095384400.0	13.8	22.9	13.0	2.5	-8.0
-95.6869444	29.88027778	31.6748	295249095411301.0	13.3	25.5	19.4	8.9	-1.6
-95.5644444	29.9425	32.9367	295633095335201.0	12.5	25.1	20.7	10.2	-0.3
-95.7347222	29.7722222	27.1516	294620095440501.0	12.5	23.0	15.0	4.5	-6.0
-95.3905556	30.06416667	25.242	300351095232601.0	11.7	21.7	13.2	2.7	-7.8
-95.3671889	30.67030556	115.6533	304013095220102.0	10.8	114.1	97.2	86.7	76.2
-95.250175	29.65988889	-25.2984	293935095150002.0	10.2	2.4	-36.0	-46.5	-57.0
-95.3730556	29.95305556	19.556	295711095222301.0	10.2	13.4	8.1	-2.4	-12.9
-95.3816667	30.0075	26.2067	300026095225401.0	10.2	19.1	14.4	3.9	-6.6
-95.5066667	29.86416667	23.2562	295150095302401.0	10.2	17.2	11.6	1.1	-9.4
-95.5188889	29.8325	21.8664	294957095310801.0	10.2	15.7	10.3	-0.2	-10.7
-95.6255556	29.75083333	21.0312	294503095373201.0	10.2	16.0	9.4	-1.1	-11.6
-95.5161111	29.90694444	24.6096	295425095305801.0	10.1	22.4	12.5	2.0	-8.5
-95.4586111	29.85916667	19.7724	295133095273201.0	9.9	14.7	8.2	-2.3	-12.8
-95.7167306	30.5753611	97.6945	303431095430002.0	9.3	95.6	80.5	70.0	59.5
-95.4211111	30.00277778	26.7127	300010095251601.0	9.1	22.5	14.6	4.1	-6.4
-95.4833333	29.95555556	28.6695	295720095290001.0	8.7	23.4	16.5	6.0	-4.5
-95.6025	29.9325	35.2562	295557095360901.0	8.7	29.9	22.7	12.2	1.7
-95.6237222	29.79055556	18.60195	294726095372501.0	8.5	17.2	6.9	-3.6	-14.1
-95.4947222	29.87555556	21.2842	295232095294101.0	8.4	17.2	9.6	-0.9	-11.4
-95.6463611	29.76977778	19.808950000000003	294611095384702.0	8.2	18.0	8.0	-2.5	-13.0
-95.6463889	29.7696111	20.1107	294611095384701.0	8.2	18.0	8.4	-2.1	-12.6
-95.5347222	29.82194444	24.768	294919095320501.0	8.1	19.5	12.9	2.4	-8.1
-95.6008611	29.7901111	21.2659	294724095360300.0	7.6	20.2	9.4	-1.1	-11.6
-94.8952778	29.41638889	-2.13515	292458094534207.0	7.3	-5.7	-12.2	-22.7	-33.2
-95.0213889	29.5647222	1.08055	293352095011607.0	7.3	-4.9	-9.1	-19.6	-30.1
-95.4252778	29.84694444	21.528	295049095253101.0	7.2	18.0	9.8	-0.7	-11.2
-95.6455556	29.79038889	25.0911	294725095384400.0	6.1	23.6	12.9	2.4	-8.1
-94.9194444	30.0461111	22.75485	300246094551001.0	5.6	19.5	10.9	0.4	-10.1
-95.7167306	30.5753611	101.0488	303431095430001.0	4.3	100.6	83.5	73.0	62.5
