Depth_BLS	Depth_NAVD	GW_Level	Well_ID
17	90.52	28.5	300009095253701
18	238.04	74.71	302030095281402
18	-5.74	2.21	293324094433702
19	70.84	23.12	292551095585601
20	243.45	79.23	300315095550101
20	90.7	28.8	300107095254001
20.5	85.1	26.49	300117095241101
21	235.04	74.93	302030095281401
21	54.49	17.43	300135095241401
22	190.63	58.41	300111095492501
22	88.62	27.62	293005095542101
22.5	54.09	17.58	292104095504801
23	136.71	43.71	300352095370801
23	7.03	3.67	295037094381401
24	60.5	19.66	292245095484501
24	93.18	29.71	300027095274802
25	-20.01	-1.22	293652094405401
26	54.26	20.2	292538095465501
27	102.17	32.53	301041095262701
27	150.16	47.2	301707095272201
30	132.66	42.96	300316095364301
30	220.33	73.25	300318095551302
30	45.63	19.7	292726095464302
32	79.82	26.16	300327095253601
32	81.16	29.92	293106095590301
33	100.87	32.85	300528095260501
33	102.14	32.91	301623095272401
33.4	75.91	24.78	292948096001001
34	157.36	48.49	301913095275201
34	1	7.62	295214094344101
34.7	95.91	32.86	300459095261401
38	47.83	18.24	292455095485801
40	121.48	39.95	301031095270501
40	-18.21	3.59	294557094341701
40	27.93	15.22	292350095445201
41	51.79	24.72	295704095250901
42	226.1	70.59	300322095550501
45	67.27	29.22	300111095253901
48	217.71	67.49	302103095290201
48	27.21	16.22	292101095531301
48	79.88	36.12	295458095371401
50	215.71	77.52	302103095290202
50	49.2	15.36	293422095464501
52	38.01	21.95	292631095501701
58	7.05	17.39	295002095211701
60	155.97	53.64	300115095495201
60	208.96	75.85	300552095543201
60	36.75	23.39	292656095594501
64	50.84	24.64	293252095545501
65	109.63	42.25	300707095354801
67	12.97	20.11	292551095464301
71	208.11	69.68	300356095541201
72	78.69	41.45	295814095415301
76	32.79	25.23	293147095514901
79	-1.09	11.56	293049095422901
80	8.61	20.91	293025095473501
82	13.42	22.68	293223095465001
82	17.61	19.69	293025095505401
82	17.84	16.72	293324095471901
82	18.01	18.29	293348095471001
82	20.44	22.08	293247095495501
82	30.07	23.49	293142095580701
84	25.91	26.19	293127095523801
84.5	19.44	23.45	292831095591201
85	-11.62	17.79	292745095413401
85	13.33	18.69	300833094561700
85	28.59	27.92	293242095560801
85	6.73	18.82	293030095482901
86	14.35	21.44	293453095461001
86	17.17	19.25	292900095561001
86	17.67	22.45	293221095504201
88	-56.45	6.57	295045094574701
90	-10.02	18.28	292145095523701
90	-45.21	1.46	301054094463200
90	-76.57	-1.09	294418094551901
90	8.43	17.81	293117095502701
90	9.37	21.14	292648096000101
92	8.99	21.64	293305095482701
93	-87.1	-3.69	294004094553501
94	-64.11	4.84	295051094375501
96	11.77	22.18	293027095535901
97	5.86	24.34	293319095484901
97	-70.84	0.66	294323094545501
98	-85.84	0.96	285909095342501
100	-0.17	18.24	292802095551501
100	-19.97	20.13	292552095464401
100	-26.06	16.44	292033095465701
100	5.16	19.86	292906095570401
100	-63.19	8.17	294914094585501
102	-81.19	-0.36	294804094392901
103	-11.97	21.65	292351095500301
105	11.64	27.93	293227095591701
105	-87.96	-1.82	294430094412201
105	-9.41	22.74	292650095570601
106	-13.81	22.0	293149095455201
110	-1.79	23.84	293047095534001
110	189.41	65.96	302320095420501
110	-81.6	2.56032	294314094525001
112	-1.99	21.95	293255095540401
115	-94.7	-0.52	294816094392401
116	-20.66	24.18	292752095512901
117	-106.2	1.03632	6441206--
120	-93.38	1.71	294839094494601
122	136.23	63.38	300303095532801
125	-101.3	-2.83	294938094480701
125	-35.56	18.12	292935095502401
125	-99.32	2.34	294825094500601
127	-122.01	0.3	293152094460801
130	0.41	29.08	301402095093201
130	-65.79	13.48	292310095384301
132	-36.38	18.48	293151095490501
135	-101.04	4.65	291117095371601
135	-50.07	19.79	292241095513601
139	-13.26	28.57	293710095582701
140	-106.78	4.64	294457094510201
140	-56.54	17.82	293045095452401
142	-24.82	28.28	300027095274801
143	-113.45	3.52	294754094510201
150	-125.99	1.22	294820094503301
155	-44.61	25.02	300106095253801
156	22.41	46.76	300444095401001
160	-89.97	16.47	293437095374301
170	-31.56	26.36	294552095502601
172	-31.35	25.33	294444095510001
173	-28.44	36.69	300912095273301
175	-142.73	3.74	294801094514001
179	-103.18	17.93	293151095390201
180	-155.38	0.8	294413094524001
183	-152.69	0.09	294800094510201
185	-116.03	14.93	292808095364401
185	-155.02	6.7	295144094373701
192	-166.11	1.8	294339094504801
196	-170.13	0.27	294330094510601
205	-89.49	26.47	294217095584201
209	-138.91	9.17	292901095371601
210	-205.02	-0.01	293830094363101
210	-45.41	49.07	301719095271801
211	51.82	68.83	300304095543101
214	-97.51	22.4	293458095570001
216	-211.41	1.55	293741094404101
220	1.34	47.96	301843095271401
220	-159	16.15	292545095294101
230	-217.5	-0.27432	6540215--
234	-61.07	45.39	300403095392101
236	-120.39	22.13	293502095571401
239	-98.03	34.28	295416095410801
240	-123.51	19.05	293505095572301
240	-218.05	0.29	294416094501001
240	-230.7	0.79248	6540507--
244	-128.71	22.03	293510095571201
247	-130.42	22.43	293503095565601
250	-128.72	23.4	294156095483101
250	-132.4	23.96	294223095475701
252	-244.84	-4.52	285640095224101
252	-246.63	-5.07	285703095193501
253	-246.81	-6.65	285627095224401
255	-190.02	14.62	300540094384901
257	-177.23	18.52	293654095395801
260	-166.13	26.17	294225095411801
263	-263	-10.06	285642095183001
	263.5	67.18	300302095544301
268	-263.05	1.2	293206094430901
271	-204.15	14.89	293016095290001
280	-121.32	28.8	294810095521700
282	-261.37	1.11	294425095011501
292	-271.19	-1.28	294637094540101
297	-221.61	13.65	293449095303701
297	-73.03	54.81	300146095510401
298	-193.2	23.4391	293335095484001
300	-239.78	12.87	292556095290201
300	-240.14	13.67	292344095284701
300	7.8	63.34	302716095294101
304	-250.72	-6.01	295125094533701
315	-182.49	20.42	294404095501501
320	-296.3	-8.02	294603094574801
331	-240.25	19.04	293458095454302
333	-301.57	8.36	295653094423200
334	-175.24	27.81	294438095551001
337	-190.64	25.8	294418095522201
340	-280.0	-2.92608	6513916--
340	-320.42	2.01	294549094355201
344	-313.22	-0.98	294936094563801
345	-328.43	3.22	294600094380401
346	-199.35	26.45	294514095515501
346	-332.48	-3.5	294452094554401
351	-247.1	21.9151	293337095482702
353	-283.07	16.96	293420095375001
359	-222.45	29.18	294948095441001
365	-242.66	31.8	300438095253801
365	-298.15	12.15	300757094384000
370	-347.86	1.87	295031094482201
371	-241.85	23.52	293802095571001
399	-316.48	11.44	300254094530800
406	-355.89	11.01	295924094354700
410	-398.62	-2.63	294420094552401
420	-355.8	13.47	292955095353401
429	-403.53	-3.82	294558094501601
429	-409.79	-9.99	294041094552501
438	-421.89	-1.95	294106094515901
442	-424.12	-22.9	294325094595901
443	-413.87	-2.7	294548094510501
450	-378.34	11.17	293218095265501
450	-433.08	-24.71	294347095001601
450	-451.47	-19.89	294038094585101
450	-451.47	-20.17	294046094585401
463	-461.7	-22.46	294449095031001
470	-391.01	15.38	294258095372501
478	-465.93	3.68	285808095322401
480	-474.62	1.03	294030094395401
488	-463.68	4.97	294820094502401
494	-478.19	-14.69	294001094595601
496	-345.87	25.58	294439095530301
497	-278.81	52.3	300118095502801
499	-343.64	42.89	295910095443501
499	-475.87	-17.33	294457095044701
500	-357.0	35.3568	6510606--
500	-486.5	0.79248	6548315--
501	-468.77	4.64	294936094481801
504	-488.4	0.36576	6540210--
505	-492.15	-13.27	293513094594901
509	-482.54	-17.84	294336095082601
509	-485.79	-16.4	294432095002301
515	-412.03	18.89	293331095481802
515	-486.0	-14.0208	256523233--
515	-492.75	-4.5	294445095001001
516	-494.57	-28.22	294408095003101
520	-506.7	-15.76	293639094593001
525	-506.88	-18.86	294442095014101
526	-507.13	-15.65	293807095070801
526	-508.8	0.64008	292611095012601
533	-486.0	7.65048	6508809--
540	-496.0	-1.85928	6514908--
545	-395.13	30.9	294703095513700
545	-422.77	24.47	294308095483401
545	-528.0	-8.9916	6532624--
545	-531.4	-1.95	294321095005401
546	-274.39	56.88	301912095343401
550	-529.88	-10.63	293949094543701
550	-541.96	-5.17	294149094545301
550	-543.65	-4.77	285555095333301
556	-440.77	27.72	300045095281101
556	-521.06	-1.54	294618094513401
557	-541.83	-20.07	294010095001901
558	-499.0	11.8872	6513914--
558	-534.03	-4.28	285923095310002
558	-537.06	-11.3	294452095010501
560	-544.57	-9.82	293039095053201
566	-260.2	72.4814	302254095420001
568	-546.47	-31.84	294420095000401
569	-527.0	-4.54152	6514914--
570	-543.0	-3.9624	6524914--
570	-558.0	-9.23544	6532801--
571	-516.0	-6.00456	6513918--
571	-548.67	-16.36	294437095003801
583	-556.76	-16.08	293545095101101
586	-453.87	20.59	294259095495801
590	-439.58	24.51	294328095540801
596	-448.58	25.73	294326095533701
600	-544.27	14.24	292808095343401
600	-567.3	-1.85928	6531705--
600	-575.22	-1.59	293944094534201
600	-576.08	0.52	291346095205101
600	-586.75	-14.86	293609094591001
604	-527.99	20.03	293720095380503
606	-302.1	70.9879	302300095394501
609	-476.39	29.36	294704095461601
610	-554.0	5.21208	6521217--
610	-596.0	-9.4488	86433811--
625	-582.65	-5.32	294536095223201
628	-488.59	24.83	294400095505301
630	-604.24	-8.91	293938094534301
630	-606.95	-2.12	293934094535601
634	-608.48	-4.41	294435094502201
635	-599.4	10.55	291252095281901
641	-468.1	35.75	295147095533300
650	-593.0	4.45008	6521220--
655	-603.75	11.96	292358095323801
660	-654.58	-11.15	293111095062101
665	-598.48	5.62	293453095275401
666	-602.0	1.92024	6514413--
676	-634.28	-6.13	294613095172601
694	-654.0	-2.83464	6522212--
697	-664.0	-5.54736	6522214--
712	-657.15	2.47	294208095280701
720	-700.8	2.40792	6548228--
720	-703.7	1.31064	292050095010801
720	-704.5	1.09728	6548314--
723	-588.47	26.01	294220095504201
733	-656.99	14.02	293720095380501
740	-651.35	18.18	295944095155803
740	-731.0	0.54864	6433913--
743	-724.48	-7.16	294352095002801
750	-736.1	-1.18872	6540212--
755	-734.83	-3.0	294033094521301
763	-736.8	-2.10312	6531818--
767	-589.85	36.98	295213095532101
777	-727.0	-8.59536	6521321--
790	-764.0	-4.572	6523314--
790	-779.9	1.55448	6548306--
793	-685.59	25.58	300124095241401
796	-773.0	-2.68224	6548227--
800	-764.01	-2.35	292819095133201
801	-792.0	-17.5565	6433906--
802	-784.61	-14.44	294351095130401
806	-774.0	4.8768	6531601--
807	-787.85	-0.26	293812095061901
809	-638.2	55.1078	301938095095701
830	-780.0	6.4008	6521322--
832	-791.53	-10.39	293724095115901
834	-781.0	-3.01752	6514425--
834	-807.0	-25.8166	6523151--
836	-818.0	-11.2166	206523139--
840	-815.38	-9.32	292210095044501
843	-819.3	-7.34	292203095043201
855	-835.9	-8.31	292209095042801
860	-827.0	-2.4384	6523315--
860	-845.6	3.71856	6433709--
864	-688.66	35.16	300432095375701
866	-821.0	-0.54864	6522119--
873	-828.0	-8.56488	6514737--
873	-852.97	-8.62	292155095041001
876	-842.3	-12.44	294106095171201
884	-863.97	-7.84	292144095033601
887	-831.0	2.8956	116513824--
890	-850.0	-2.49936	246515406--
900	-870.97	-9.56	294227095061401
900	-884.98	-11.12	294415095165301
910	-858.0	-4.54152	6521324--
913	-883.47	-22.09	294336095082101
914	-898.96	3.3	292236094580401
926	-742.23	38.51	295316095541901
926	-916.4	1.00584	6433813--
934	-917.21	-17.74	294047095000401
947	-897.0	6.096	6514809--
953	-923.0	-16.1544	6513932--
957	-913.0	-16.2763	6522106--
960	-926.0	-10.0584	256523235--
965	-950.0	-7.62	106441218--
965	-951.0	1.8288	46433812--
974	-943.0	-9.7536	256523122--
974	-954.54	-20.59	294427095011801
974	-959.0	-6.7056	96441217--
998	-976.23	-11.04	294452095010201
1000	-985.0	-8.8392	76441208--
1000	-986.7	-11.97	292235094562701
1020	-1005.1	0.94488	6532725--
1024	-1009.0	-3.048	66441216--
1033	-997.0	-1.524	6522226--
1039	-971.0	-2.71272	6513614--
1039	-976.37	-7.0	294811095241901
1049	-972.99	11.95	293720095380502
1052	-942.28	40.33	300126095241401
1096	-1056.0	2.7432	6522211--
1127	-1076.0	1.12776	6521323--
1130	-1031.63	22.81	295836095233301
1188	-1114.24	10.34	294253095352701
1192	-1166.56	-30.04	294233095144201
1200	-1044.8	48.829	302336094590400
1232	-1164.0	-6.00456	6513605--
1232	-1168.25	-0.99	294836095241901
1252	-1185.0	-6.52272	6513607--
1275	-1246.0	-8.2296	256523123--
1283	-1248.0	6.7056	6522323--
1284	-1249.0	-4.8768	6523311--
1291	-1242.0	-13.2283	6514759--
1320	-1290.0	-18.1051	6513926--
1329	-1305.58	-14.5	294333095073301
1350	-1305.0	-5.1816	6522120--
1362	-1294.0	14.7828	6513613--
1376	-1357.0	-4.8768	6523147--
1394	-1342.0	11.8872	6521319--
1399	-1369.0	-43.8912	256523237--
1419	-1384.5	-17.3431	293954095111201
1456	-1414.0	-1.524	6513924--
1458	-1389.0	-4.78536	6513608--
1464	-1251.0	65.1053	301828095272402
1465	-1406.0	23.4696	6513915--
1481	-1452.0	-52.4256	256523234--
1521	-1476.0	7.0104	126522118--
1535	-1500.0	-3.9624	6514747--
1540	-1498.0	4.572	6513925--
1606	-1531.23	22.26	293717095380101
1618	-1567.0	-7.62	6521320--
1638	-1588.0	-0.39624	6514733--
1651	-1617.0	-4.48056	166522615--
1680	-1640.0	-16.1544	236523804--
1701	-1683.28	-26.91	294313095135001
1756	-1711.0	-3.9624	6522121--
1840	-1810.0	-12.192	256523236--
1858	-1791.0	1.03632	6513606--
1876	-1827.0	10.3632	176514727--
1927	-1899.0	-4.2672	256523124--
1993	-1935.6	-9.20496	294745095201001
1996	-1946.0	25.6032	6513732--
2025	-1982.0	-3.048	6513933--
2500	-2298.0	44.8056	302612095360801
