Longitude	Latitude	Year	GWL_BLS(ft)	Well_Depth_BLS(ft)	LSE_NAVD(ft)	Well_ID	TWEB_ID	Year	mm	dd	yyyy	Decimal_Year		Wee_bottom_NAVD
-95.55944	28.93222	1/1/1920	22.0	550	6.4	285555095333301	8104502	1/1/1920	1	1	1920	1920.00274		-543.7
-95.49500	29.42944	4/10/1931	8.0	220	61.0	292545095294101	6537403	4/10/1931	4	10	1931	1931.278082		-159.0
-95.48417	29.43250	4/10/1931	18.0	300	60.2	292556095290201	6537404	4/10/1931	4	10	1931	1931.278082		-239.8
-95.48000	29.39583	4/13/1931	15.0	300	59.9	292344095284701	6537704	4/13/1931	4	13	1931	1931.286301		-240.1
-95.47222	29.21472	4/14/1931	1.0	635	35.6	291252095281901	6553103	4/14/1931	4	14	1931	1931.289041		-599.4
-95.54028	28.96917	10/30/1936	0.0	478	12.1	285808095322401	8104309	10/30/1936	10	30	1936	1936.834247		-465.9
-95.62139	29.18833	11/6/1936	18.7	135	34.0	291117095371601	6552406	11/6/1936	11	6	1936	1936.852055		-101.0
-95.57389	28.98611	6/1/1937	9.0	98	12.2	285909095342501	8104205	6/1/1937	6	1	1937	1937.420548		-85.8
-95.54417	29.39972	1/1/1939	12.0	655	51.3	292358095323801	6536801	1/1/1939	1	1	1939	1939.00274		-603.8
-95.34778	29.22972	5/18/1939	22.2	600	23.9	291346095205101	6554103	5/18/1939	5	18	1939	1939.383562		-576.1
-94.88083	29.72083	1/1/1917	20.0	110	28.4	294314094525001	6417306	1/1/1917	1	1	1917	1917.00274		-81.6
-94.80639	29.84222	1/1/1926	10.0	370	22.1	295031094482201	6410206	1/1/1926	1	1	1926	1926.00274		-347.9
-94.91500	29.69722	1/1/1926	25.0	550	8.0	294149094545301	6417604	1/1/1926	1	1	1926	1926.00274		-542.0
-94.89528	29.66250	1/1/1926	20.0	600	24.8	293944094534201	6417906	1/1/1926	1	1	1926	1926.00274		-575.2
-94.91556	29.72333	11/1/1926	24.0	97	26.2	294323094545501	6417308	11/1/1926	11	1	1926	1926.838356		-70.8
-94.83639	29.73806	1/1/1928	21.0	240	22.0	294416094501001	6418105	1/1/1928	1	1	1928	1928.00274		-218.1
-94.92917	29.74806	1/1/1929	25.0	346	13.5	294452094554401	6417212	1/1/1929	1	1	1929	1929.00274		-332.5
-94.59806	29.76389	1/1/1931	13.0	340	19.6	294549094355201	6412706	1/1/1931	1	1	1931	1931.00274		-320.4
-94.92361	29.73917	1/1/1931	20.0	410	11.4	294420094552401	6417209	1/1/1931	1	1	1931	1931.00274		-398.6
-94.87056	29.67611	1/1/1931	30.0	755	20.2	294033094521301	6418407	1/1/1931	1	1	1931	1931.00274		-734.8
-94.82972	29.81111	1/1/1933	21.0	120	26.6	294839094494601	6410503	1/1/1933	1	1	1933	1933.00274		-93.4
-94.85083	29.79861	1/1/1933	18.0	143	29.6	294754094510201	6410408	1/1/1933	1	1	1933	1933.00274		-113.5
-94.86139	29.80056	1/1/1933	20.0	175	32.3	294801094514001	6410410	1/1/1933	1	1	1933	1933.00274		-142.7
-94.90056	29.77722	1/1/1934	25.0	292	20.8	294637094540101	6409911	1/1/1934	1	1	1934	1934.00274		-271.2
-94.65694	29.80472	1/1/1935	22.0	115	20.3	294816094392401	6411602	1/1/1935	1	1	1935	1935.00274		-94.7
-94.80528	29.82694	1/1/1935	17.0	501	32.2	294936094481801	6410511	1/1/1935	1	1	1935	1935.00274		-468.8
-94.63222	29.84778	1/1/1936	14.0	94	29.9	295051094375501	6411305	1/1/1936	1	1	1936	1936.00274		-64.1
-94.85083	29.80028	1/1/1936	30.0	183	30.3	294800094510201	6410409	1/1/1936	1	1	1936	1936.00274		-152.7
-94.85194	29.72528	1/1/1936	25.0	196	25.9	294330094510601	6418111	1/1/1936	1	1	1936	1936.00274		-170.1
-94.84028	29.80583	1/1/1936	8.0	488	24.3	294820094502401	6410405	1/1/1936	1	1	1936	1936.00274		-463.7
-94.89917	29.65972	1/1/1936	30.0	630	23.1	293934094535601	6417904	1/1/1936	1	1	1936	1936.00274		-607.0
-94.80222	29.82750	1/1/1937	33.0	125	23.7	294938094480701	6410513	1/1/1937	1	1	1937	1937.00274		-101.3
-94.76917	29.53139	1/1/1937	4.0	127	5.0	293152094460801	6426902	1/1/1937	1	1	1937	1937.00274		-122.0
-94.84278	29.80583	1/1/1937	20.0	150	24.0	294820094503301	6410407	1/1/1937	1	1	1937	1937.00274		-126.0
-94.87806	29.73722	1/1/1937	22.0	180	24.6	294413094524001	6417312	1/1/1937	1	1	1937	1937.00274		-155.4
-94.85972	29.77194	1/1/1937	40.0	556	34.9	294618094513401	6410704	1/1/1937	1	1	1937	1937.00274		-521.1
-94.85083	29.74944	1/1/1938	18.0	140	33.2	294457094510201	6418108	1/1/1938	1	1	1938	1938.00274		-106.8
-94.62722	29.86250	1/1/1938	8.0	185	30.0	295144094373701	6411302	1/1/1938	1	1	1938	1938.00274		-155.0
-94.89389	29.85722	1/1/1938	73.0	304	53.3	295125094533701	6409321	1/1/1938	1	1	1938	1938.00274		-250.7
-94.86667	29.68528	5/12/1938	22.5	438	16.1	294106094515901	6418405	5/12/1938	5	12	1938	1938.367123		-421.9
-94.85167	29.76361	10/1/1938	38.0	443	29.1	294548094510501	6410703	10/1/1938	10	1	1938	1938.754795		-413.9
-94.57833	29.87083	1/1/1939	10.0	34	35.0	295214094344101	6412204	1/1/1939	1	1	1939	1939.00274		1.0
-94.57167	29.76611	1/1/1939	10.0	40	21.8	294557094341701	6412801	1/1/1939	1	1	1939	1939.00274		-18.2
-94.92222	29.73861	1/1/1939	17.0	90	13.4	294418094551901	6417206	1/1/1939	1	1	1939	1939.00274		-76.6
-94.83528	29.80722	1/1/1939	18.0	125	25.7	294825094500601	6410403	1/1/1939	1	1	1939	1939.00274		-99.3
-94.84694	29.72778	1/1/1939	20.0	192	25.9	294339094504801	6418110	1/1/1939	1	1	1939	1939.00274		-166.1
-94.67833	29.62833	1/1/1939	-0.5	216	4.6	293741094404101	6419806	1/1/1939	1	1	1939	1939.00274		-211.4
-94.63472	29.76694	1/1/1939	6.0	345	16.6	294600094380401	6411908	1/1/1939	1	1	1939	1939.00274		-328.4
-94.91056	29.66389	1/1/1939	55.0	550	20.1	293949094543701	6417910	1/1/1939	1	1	1939	1939.00274		-529.9
-94.83972	29.74333	1/1/1939	0.0	634	25.5	294435094502201	6418107	1/1/1939	1	1	1939	1939.00274		-608.5
-94.92667	29.66806	7/1/1939	18.0	93	5.9	294004094553501	6417504	7/1/1939	7	1	1939	1939.50411		-87.1
-94.92389	29.67833	7/1/1939	52.0	429	19.2	294041094552501	6417501	7/1/1939	7	1	1939	1939.50411		-409.8
-94.83806	29.76639	10/1/1939	38.0	429	25.5	294558094501601	6410707	10/1/1939	10	1	1939	1939.754795		-403.5
-95.84083	29.76472	8/11/1932	55.8	170	138.4	294552095502601	6510703	8/11/1932	8	11	1932	1932.615068		-31.6
-95.85028	29.74583	3/24/1931	51.8	172	140.7	294444095510001	6518105	3/24/1931	3	24	1931	1931.232877		-31.4
-95.84833	29.73361	3/24/1931	53.2	628	139.4	294400095505301	26518103	3/24/1931	3	24	1931	1931.232877		-488.6
-95.80889	29.69917	3/24/1931	39.4	250	121.3	294156095483101	6518501	3/24/1931	3	24	1931	1931.232877		-128.7
-95.83306	29.71667	5/1/1926	63.6	586	132.1	294259095495801	6518204	5/1/1926	5	1	1926	1926.336986		-453.9
-95.80972	29.71917	3/24/1931	34.5	545	122.2	294308095483401	6518203	3/24/1931	3	24	1931	1931.232877		-422.8
-95.84528	29.70583	3/24/1931	49.2	723	134.5	294220095504201	6518401	3/24/1931	3	24	1931	1931.232877		-588.5
-95.87306	29.73861	8/25/1931	62.8	337	146.4	294418095522201	6518106	8/25/1931	8	25	1931	1931.653425		-190.6
-95.68861	29.70722	1/1/1932	8.0	260	93.9	294225095411801	6519507	1/1/1932	1	1	1932	1932.00274		-166.1
-95.79944	29.70667	3/18/1933	39.0	250	117.6	294223095475701	6518503	3/18/1933	3	18	1933	1933.216438		-132.4
-95.91972	29.74417	4/1/1936	92.7	334	158.8	294438095551001	6517205	4/1/1936	4	1	1936	1936.253425		-175.2
-95.86556	29.75417	3/15/1939	57.8	346	146.7	294514095515501	6510702	3/15/1939	3	15	1939	1939.208219		-199.4
-95.89389	29.72417	3/15/1939	63.1	596	147.4	294326095533701	6517304	3/15/1939	3	15	1939	1939.208219		-448.6
-95.81139	29.56000	7/15/1905	28.0	298	104.9	293335095484001	6526517	7/15/1905	7	15	1905	1905.542466		-193.2
-95.80778	29.56056	7/24/1913	32.0	351	103.9	293337095482702	6526510	7/24/1913	7	24	1913	1913.567123		-247.1
-95.63389	29.62167	1/1/1920	1.8	1606	74.8	293717095380101	6527312	1/1/1920	1	1	1920	1920.00274		-1531.2
-95.93583	29.54528	1/1/1923	22.0	85	113.6	293242095560801	6525502	1/1/1923	1	1	1923	1923.00274		28.6
-95.87722	29.36278	1/1/1924	20.0	90	80.0	292145095523701	6541301	1/1/1924	1	1	1924	1924.00274		-10.0
-95.48361	29.50472	12/1/1925	18.0	271	66.9	293016095290001	6529703	12/1/1925	12	1	1925	1925.921918		-204.2
-95.76472	29.53056	1/1/1928	20.0	106	92.2	293149095455201	6526902	1/1/1928	1	1	1928	1928.00274		-13.8
-95.79333	29.50722	1/1/1930	20.0	80	88.6	293025095473501	6526802	1/1/1930	1	1	1930	1930.00274		8.6
-95.80833	29.50861	1/1/1930	30.0	85	91.7	293030095482901	6526803	1/1/1930	1	1	1930	1930.00274		6.7
-95.66639	29.61528	10/23/1930	19.0	257	79.8	293654095395801	6527314	10/23/1930	10	23	1930	1930.815068		-177.2
-95.62889	29.57722	6/27/1931	16.0	160	70.0	293437095374301	6527605	6/27/1931	6	27	1931	1931.491781		-90.0
-95.63083	29.57250	7/9/1931	14.3	353	69.9	293420095375001	6527606	7/9/1931	7	9	1931	1931.526027		-283.1
-95.97861	29.70500	9/11/1931	27.4	205	115.5	294217095584201	6517406	9/11/1931	9	11	1931	1931.69863		-89.5
-95.98694	29.47556	1/1/1933	27.0	85	103.9	292831095591201	6533106	1/1/1933	1	1	1933	1933.00274		19.4
-95.85833	29.46472	1/1/1933	16.0	116	95.3	292752095512901	6534102	1/1/1933	1	1	1933	1933.00274		-20.7
-95.80528	29.55889	11/28/1934	41.0	515	103.0	293331095481802	6526516	11/28/1934	11	28	1934	1934.912329		-412.0
-95.44889	29.53861	1/1/1935	35.0	450	71.7	293218095265501	6529801	1/1/1935	1	1	1935	1935.00274		-378.3
-95.76222	29.58306	6/3/1935	28.3	331	90.8	293458095454302	6526604	6/3/1935	6	3	1935	1935.426027		-240.3
-95.90611	29.50167	1/1/1936	20.0	22	110.6	293005095542101	6525906	1/1/1936	1	1	1936	1936.00274		88.6
-95.81278	29.37944	1/1/1936	20.0	24	84.5	292245095484501	6534802	1/1/1936	1	1	1936	1936.00274		60.5
-95.78222	29.42750	1/1/1936	14.0	26	80.3	292538095465501	6534608	1/1/1936	1	1	1936	1936.00274		54.3
-95.77889	29.45750	1/1/1936	11.0	30	75.6	292726095464302	6534605	1/1/1936	1	1	1936	1936.00274		45.6
-95.98444	29.51861	1/1/1936	15.0	32	113.2	293106095590301	6525706	1/1/1936	1	1	1936	1936.00274		81.2
-95.81639	29.41556	1/1/1936	26.0	38	85.8	292455095485801	6534811	1/1/1936	1	1	1936	1936.00274		47.8
-95.74806	29.39750	1/1/1936	18.0	40	67.9	292350095445201	6535706	1/1/1936	1	1	1936	1936.00274		27.9
-95.88722	29.35056	1/1/1936	22.0	48	75.2	292101095531301	6541302	1/1/1936	1	1	1936	1936.00274		27.2
-95.77944	29.57306	1/1/1936	48.8	50	99.2	293422095464501	6526607	1/1/1936	1	1	1936	1936.00274		49.2
-95.99611	29.44917	1/1/1936	20.0	60	96.8	292656095594501	6533402	1/1/1936	1	1	1936	1936.00274		36.8
-95.77889	29.43111	1/1/1936	14.0	67	80.0	292551095464301	6534607	1/1/1936	1	1	1936	1936.00274		13.0
-95.86389	29.53000	1/1/1936	26.0	76	108.8	293147095514901	6526706	1/1/1936	1	1	1936	1936.00274		32.8
-95.96889	29.52861	1/1/1936	35.0	82	112.1	293142095580701	6525708	1/1/1936	1	1	1936	1936.00274		30.1
-95.78083	29.54000	1/1/1936	21.0	82	95.4	293223095465001	6526901	1/1/1936	1	1	1936	1936.00274		13.4
-95.78639	29.56361	1/1/1936	40.0	82	100.0	293348095471001	6526608	1/1/1936	1	1	1936	1936.00274		18.0
-95.87750	29.52444	1/1/1936	24.0	84	109.9	293127095523801	6525902	1/1/1936	1	1	1936	1936.00274		25.9
-95.69306	29.46278	1/1/1936	15.0	85	73.4	292745095413401	6535202	1/1/1936	1	1	1936	1936.00274		-11.6
-95.93639	29.48361	1/1/1936	40.0	86	103.2	292900095561001	6533204	1/1/1936	1	1	1936	1936.00274		17.2
-95.76972	29.58167	1/1/1936	30.0	86	100.4	293453095461001	6526606	1/1/1936	1	1	1936	1936.00274		14.4
-96.00056	29.44694	1/1/1936	30.0	90	99.4	292648096000101	6640602	1/1/1936	1	1	1936	1936.00274		9.4
-95.84111	29.52167	1/1/1936	40.0	90	98.4	293117095502701	6526704	1/1/1936	1	1	1936	1936.00274		8.4
-95.90000	29.50778	1/1/1936	35.0	96	107.8	293027095535901	6525905	1/1/1936	1	1	1936	1936.00274		11.8
-95.81389	29.55556	1/1/1936	23.0	97	102.9	293319095484901	6526508	1/1/1936	1	1	1936	1936.00274		5.9
-95.78278	29.34278	1/1/1936	20.0	100	73.9	292033095465701	6542305	1/1/1936	1	1	1936	1936.00274		-26.1
-95.77917	29.43139	1/1/1936	14.0	100	80.0	292552095464401	6534606	1/1/1936	1	1	1936	1936.00274		-20.0
-95.92111	29.46750	1/1/1936	40.0	100	99.8	292802095551501	6533205	1/1/1936	1	1	1936	1936.00274		-0.2
-95.95139	29.48528	1/1/1936	40.0	100	105.2	292906095570401	6533202	1/1/1936	1	1	1936	1936.00274		5.2
-95.83444	29.39778	1/1/1936	20.0	103	91.0	292351095500301	6534704	1/1/1936	1	1	1936	1936.00274		-12.0
-95.98833	29.54111	1/1/1936	25.0	105	116.6	293227095591701	6525707	1/1/1936	1	1	1936	1936.00274		11.6
-95.89472	29.51333	1/1/1936	30.0	110	108.2	293047095534001	6525904	1/1/1936	1	1	1936	1936.00274		-1.8
-95.90139	29.54889	1/1/1936	38.0	112	110.0	293255095540401	6525603	1/1/1936	1	1	1936	1936.00274		-2.0
-95.84028	29.49333	1/1/1936	30.0	125	89.4	292935095502401	6534104	1/1/1936	1	1	1936	1936.00274		-35.6
-95.81833	29.53111	1/1/1936	35.0	132	95.6	293151095490501	6526804	1/1/1936	1	1	1936	1936.00274		-36.4
-95.86028	29.37833	1/1/1936	20.0	135	84.9	292241095513601	6534707	1/1/1936	1	1	1936	1936.00274		-50.1
-95.75694	29.51278	1/1/1936	25.0	140	83.5	293045095452401	6526903	1/1/1936	1	1	1936	1936.00274		-56.5
-95.61250	29.46917	1/1/1936	20.0	185	69.0	292808095364401	6536104	1/1/1936	1	1	1936	1936.00274		-116.0
-95.59306	29.49889	1/1/1936	20.0	420	64.2	292955095353401	6536102	1/1/1936	1	1	1936	1936.00274		-355.8
-95.97444	29.61972	3/18/1936	32.0	139	125.7	293710095582701	6525103	3/18/1936	3	18	1936	1936.216438		-13.3
-95.95306	29.63417	3/19/1936	52.0	371	129.2	293802095571001	6517805	3/19/1936	3	19	1936	1936.219178		-241.9
-95.70833	29.51389	4/1/1936	40.0	79	77.9	293049095422901	6527801	4/1/1936	4	1	1936	1936.253425		-1.1
-95.65083	29.53111	4/2/1936	17.0	179	75.8	293151095390201	6527904	4/2/1936	4	2	1936	1936.256164		-103.2
-95.91556	29.54806	4/7/1936	34.0	64	114.8	293252095545501	6525601	4/7/1936	4	7	1936	1936.269863		50.8
-95.83222	29.54667	4/8/1936	30.0	82	102.4	293247095495501	6526509	4/8/1936	4	8	1936	1936.272603		20.4
-95.84528	29.53944	4/8/1936	30.0	86	103.7	293221095504201	6526705	4/8/1936	4	8	1936	1936.272603		17.7
-95.84861	29.50722	4/27/1936	35.0	82	99.6	293025095505401	6526703	4/27/1936	4	27	1936	1936.324658		17.6
-95.78889	29.55694	4/27/1936	45.0	82	99.8	293324095471901	6526609	4/27/1936	4	27	1936	1936.324658		17.8
-95.80778	29.55167	4/27/1936	30.0	92	101.0	293305095482701	6526507	4/27/1936	4	27	1936	1936.324658		9.0
-95.95194	29.44750	4/27/1936	21.0	105	95.6	292650095570601	6533507	4/27/1936	4	27	1936	1936.324658		-9.4
-96.00306	29.49694	5/4/1936	28.0	33	109.3	292948096001001	6640309	5/4/1936	5	4	1936	1936.345205		75.9
-95.83833	29.44222	5/6/1936	18.0	52	90.0	292631095501701	6534404	5/6/1936	5	6	1936	1936.350685		38.0
-95.64556	29.38639	5/6/1936	20.0	130	64.2	292310095384301	6535902	5/6/1936	5	6	1936	1936.350685		-65.8
-95.84694	29.35139	5/18/1936	18.9	23	76.6	292104095504801	6542102	5/18/1936	5	18	1936	1936.383562		54.1
-95.98250	29.43111	5/22/1936	14.0	19	89.8	292551095585601	6533404	5/22/1936	5	22	1936	1936.394521		70.8
-95.95417	29.58417	8/1/1937	43.0	236	115.6	293502095571401	6525210	8/1/1937	8	1	1937	1937.587671		-120.4
-95.95361	29.58639	8/1/1937	43.0	244	115.3	293510095571201	6525213	8/1/1937	8	1	1937	1937.587671		-128.7
-95.95028	29.58306	9/1/1937	43.0	214	116.5	293458095570001	6525503	9/1/1937	9	1	1937	1937.671233		-97.5
-95.94917	29.58444	9/1/1937	43.0	247	116.6	293503095565601	6525212	9/1/1937	9	1	1937	1937.671233		-130.4
-95.63500	29.62250	11/1/1938	30.0	733	76.0	293720095380501	6527315	11/1/1938	11	1	1938	1938.838356		-657.0
-95.51056	29.58056	12/6/1938	30.6	297	75.4	293449095303701	6528601	12/6/1938	12	6	1938	1938.935616		-221.6
-95.46528	29.58167	12/6/1938	45.3	665	66.5	293453095275401	6529403	12/6/1938	12	6	1938	1938.935616		-598.5
-95.07472	29.36944	9/23/1932	34.3	855	19.1	292209095042801	6548209	9/23/1932	9	23	1932	1932.731507		-835.9
-95.05278	29.36056	9/23/1932	31.8	796	23.0	6548227--	6548227	9/23/1932	9	23	1932	1932.731507		-773.0
-95.07944	29.36972	9/1/1914	10.0	840	24.6	292210095044501	6548206	9/1/1914	9	1	1914	1914.671233		-815.4
-95.06972	29.36556	1/1/1916	14.0	873	20.0	292155095041001	6548211	1/1/1916	1	1	1916	1916.00274		-853.0
-95.07583	29.36778	11/1/1927	28.5	843	23.7	292203095043201	6548213	11/1/1927	11	1	1927	1927.838356		-819.3
-94.96806	29.37694	4/15/1931	4.2	914	15.0	292236094580401	6433702	4/15/1931	4	15	1931	1931.291781		-899.0
-94.93639	29.37639	11/1/1933	8.0	965	14.0	46433812--	46433812	11/1/1933	11	1	1933	1933.838356		-951.0
-94.94111	29.37667	3/1/1936	18.0	1000	13.3	292235094562701	56433810	3/1/1936	3	1	1936	1936.169863		-986.7
-94.94139	29.37417	4/1/1936	25.0	1024	15.0	66441216--	66441216	4/1/1936	4	1	1936	1936.253425		-1009.0
-94.94139	29.37028	6/1/1937	44.0	1000	15.0	76441208--	76441208	6/1/1937	6	1	1937	1937.420548		-985.0
-94.93389	29.37639	8/1/1933	45.0	610	14.0	86433811--	86433811	8/1/1933	8	1	1933	1933.587671		-596.0
-94.92028	29.37417	5/1/1934	37.0	974	15.0	96441217--	96441217	5/1/1934	5	1	1934	1934.336986		-959.0
-94.93667	29.37000	3/1/1934	40.0	965	15.0	106441218--	106441218	3/1/1934	3	1	1934	1934.169863		-950.0
-94.90472	29.37778	2/22/1939	66.6	801	9.0	6433906--	6433906	2/22/1939	2	22	1939	1939.143836		-792.0
-94.90195	29.38472	10/22/1931	7.2	740	9.0	6433913--	6433913	10/22/1931	10	22	1931	1931.812329		-731.0
-95.09250	29.51111	4/15/1931	25.3	560	15.4	293039095053201	6532714	4/15/1931	4	15	1931	1931.291781		-544.6
-95.02417	29.43667	9/7/1932	15.1	526	17.2	292611095012601	6540602	9/7/1932	9	7	1932	1932.687671		-508.8
-95.05472	29.46445	4/15/1931	13.4	230	12.5	6540215--	6540215	4/15/1931	4	15	1931	1931.291781		-217.5
-95.04417	29.45917	4/15/1931	17.9	750	14.0	6540212--	6540212	4/15/1931	4	15	1931	1931.291781		-736.1
-94.97139	29.38028	4/15/1931	2.2	860	14.4	6433709--	6433709	4/15/1931	4	15	1931	1931.291781		-845.6
-94.93750	29.39583	4/15/1931	6.3	926	9.6	6433813--	6433813	4/15/1931	4	15	1931	1931.291781		-916.4
-95.09417	29.51250	4/15/1931	11.9	1020	15.0	6532725--	6532725	4/15/1931	4	15	1931	1931.291781		-1005.1
-95.21889	29.54083	9/11/1931	38.8	600	32.7	6531705--	6531705	9/11/1931	9	11	1931	1931.69863		-567.3
-95.19167	29.51195	9/11/1931	33.1	763	26.2	6531818--	6531818	9/11/1931	9	11	1931	1931.69863		-736.8
-95.07139	29.45389	9/20/1932	6.7	240	9.3	6540507--	6540507	9/20/1932	9	20	1932	1932.723288		-230.7
-95.04278	29.46806	9/20/1932	14.4	504	15.6	6540210--	6540210	9/20/1932	9	20	1932	1932.723288		-488.4
-94.94972	29.35583	9/21/1932	7.4	117	10.8	6441206--	6441206	9/21/1932	9	21	1932	1932.726027		-106.2
-95.00306	29.34667	9/22/1932	10.9	500	13.5	6548315--	6548315	9/22/1932	9	22	1932	1932.728767		-486.5
-95.01917	29.34750	9/22/1932	12.0	720	16.3	292050095010801	6548302	9/22/1932	9	22	1932	1932.728767		-703.7
-95.05278	29.36056	9/23/1932	11.3	720	19.2	6548228--	6548228	9/23/1932	9	23	1932	1932.731507		-700.8
-95.04083	29.35250	9/23/1932	11.9	720	15.5	6548314--	6548314	9/23/1932	9	23	1932	1932.731507		-704.5
-95.02250	29.33806	10/7/1932	5.0	790	10.1	6548306--	6548306	10/7/1932	10	7	1932	1932.771233		-779.9
-95.22583	29.47222	2/27/1939	43.7	800	36.0	292819095133201	6539101	2/27/1939	2	27	1939	1939.157534		-764.0
-95.43000	29.75778	1/19/1931	46.5	887	56.0	116513824--	116513824	1/19/1931	1	19	1931	1931.052055		-831.0
-95.35056	29.72917	6/25/1925	46.8	866	45.0	6522119--	6522119	6/25/1925	6	25	1925	1925.486301		-821.0
-95.35111	29.72917	1/1/1926	22.0	1521	45.0	126522118--	126522118	1/1/1926	1	1	1926	1926.00274		-1476.0
-95.35083	29.72667	8/1/1928	62.0	1350	45.0	6522120--	6522120	8/1/1928	8	1	1928	1928.587671		-1305.0
-95.35056	29.72639	5/1/1931	58.0	1756	45.0	6522121--	6522121	5/1/1931	5	1	1931	1931.336986		-1711.0
-95.34972	29.72833	11/15/1938	97.4	957	44.0	6522106--	6522106	11/15/1938	11	15	1938	1938.876712		-913.0
-95.28167	29.73778	8/3/1929	42.0	900	15.0	294415095165301	136522317	8/3/1929	8	3	1929	1929.593151		-885.0
-95.29083	29.77056	10/19/1929	54.0	676	41.7	294613095172601	6514912	10/19/1929	10	19	1929	1929.80411		-634.3
-95.37583	29.76028	1/30/1931	53.5	625	42.4	294536095223201	146513927	1/30/1931	1	30	1931	1931.082192		-582.7
-95.37667	29.76389	4/1/1927	27.0	1540	42.0	6513925--	6513925	4/1/1927	4	1	1927	1927.253425		-1498.0
-95.37972	29.76361	5/21/1927	47.0	1456	42.0	6513924--	6513924	5/21/1927	5	21	1927	1927.391781		-1414.0
-95.37750	29.76167	11/17/1938	89.4	1320	30.0	6513926--	6513926	11/17/1938	11	17	1938	1938.882192		-1290.0
-95.37861	29.76389	7/30/1935	83.0	953	30.0	6513932--	6513932	7/30/1935	7	30	1935	1935.583562		-923.0
-95.37611	29.76250	9/11/1935	53.0	2025	43.0	6513933--	6513933	9/11/1935	9	11	1935	1935.69863		-1982.0
-95.36000	29.76361	7/10/1925	48.0	1535	35.0	6514747--	6514747	7/10/1925	7	10	1925	1925.528767		-1500.0
-95.36972	29.76445	8/20/1945	136.4	2035	25.0	156514707--	156514707	8/20/1945	8	20	1945	1945.639726		-2010.0
-95.40556	29.80333	3/5/1923	19.5	1362	68.0	6513613--	6513613	3/5/1923	3	5	1923	1923.180822		-1294.0
-95.40556	29.80333	1/20/1938	76.9	1039	68.0	6513614--	6513614	1/20/1938	1	20	1938	1938.054795		-971.0
-95.40472	29.80389	11/14/1938	63.6	1858	67.0	6513606--	6513606	11/14/1938	11	14	1938	1938.873973		-1791.0
-95.40556	29.81028	11/14/1938	87.7	1232	68.0	6513605--	6513605	11/14/1938	11	14	1938	1938.873973		-1164.0
-95.40611	29.79806	11/14/1938	84.7	1458	69.0	6513608--	6513608	11/14/1938	11	14	1938	1938.873973		-1389.0
-95.40472	29.80306	11/14/1938	88.4	1252	67.0	6513607--	6513607	11/14/1938	11	14	1938	1938.873973		-1185.0
-95.39028	29.72333	4/1/1917	13.0	1394	52.0	6521319--	6521319	4/1/1917	4	1	1917	1917.253425		-1342.0
-95.38417	29.72333	1/1/1917	29.0	830	50.0	6521322--	6521322	1/1/1917	1	1	1917	1917.00274		-780.0
-95.39028	29.72333	5/23/1933	47.3	1127	51.0	6521323--	6521323	5/23/1933	5	23	1933	1933.39726		-1076.0
-95.38861	29.72333	11/16/1938	78.2	777	50.0	6521321--	6521321	11/16/1938	11	16	1938	1938.879452		-727.0
-95.38945	29.72250	1/1/1932	76.0	1618	51.0	6521320--	6521320	1/1/1932	1	1	1932	1932.00274		-1567.0
-95.41195	29.77111	11/25/1918	-18.0	1465	59.0	6513915--	6513915	11/25/1918	11	25	1918	1918.90411		-1406.0
-95.41111	29.77056	10/19/1928	20.0	558	59.0	6513914--	6513914	10/19/1928	10	19	1928	1928.80411		-499.0
-95.25750	29.73472	6/1/1925	41.0	1033	36.0	6522226--	6522226	6/1/1925	6	1	1925	1925.420548		-997.0
-95.27472	29.70250	10/28/1930	48.7	1651	34.0	166522615--	166522615	10/28/1930	10	28	1930	1930.828767		-1617.0
-95.33472	29.79111	3/12/1932	15.0	1876	49.0	176514727--	176514727	3/12/1932	3	12	1932	1932.2		-1827.0
-95.33389	29.79139	11/16/1938	92.4	1291	49.0	6514759--	6514759	11/16/1938	11	16	1938	1938.879452		-1242.0
-95.31445	29.73695	1/8/1931	49.3	694	40.0	6522212--	6522212	1/8/1931	1	8	1931	1931.021918		-654.0
-95.31528	29.73778	5/3/1926	31.0	1096	40.0	6522211--	6522211	5/3/1926	5	3	1926	1926.342466		-1056.0
-95.30639	29.73111	1/16/1931	51.2	697	33.0	6522214--	6522214	1/16/1931	1	16	1931	1931.043836		-664.0
-95.26639	29.72222	10/1/1921	13.0	1283	35.0	6522323--	6522323	10/1/1921	10	1	1921	1921.754795		-1248.0
-95.39917	29.72194	1/24/1931	66.9	910	52.0	6521324--	6521324	1/24/1931	1	24	1931	1931.065753		-858.0
-95.28445	29.78917	3/19/1931	50.1	540	44.0	6514908--	6514908	3/19/1931	3	19	1931	1931.219178		-496.0
-95.39583	29.77083	1/23/1931	69.6	340	60.0	6513916--	6513916	1/23/1931	1	23	1931	1931.063014		-280.0
-95.43361	29.71417	1/24/1931	38.9	610	56.0	6521217--	6521217	1/24/1931	1	24	1931	1931.065753		-554.0
-95.38750	29.76833	1/22/1931	74.7	571	55.0	6513918--	6513918	1/22/1931	1	22	1931	1931.060274		-516.0
-95.27944	29.75861	2/26/1931	56.9	569	42.0	6514914--	6514914	2/26/1931	2	26	1931	1931.154795		-527.0
-95.43806	29.71556	11/3/1931	42.4	650	57.0	6521220--	6521220	11/3/1931	11	3	1931	1931.843836		-593.0
-95.35389	29.82194	1/9/1931	57.7	666	64.0	6514413--	6514413	1/9/1931	1	9	1931	1931.024658		-602.0
-95.34445	29.79389	1/14/1931	62.9	834	53.0	6514425--	6514425	1/14/1931	1	14	1931	1931.038356		-781.0
-95.36000	29.77139	1/29/1931	51.3	1638	50.0	6514733--	6514733	1/29/1931	1	29	1931	1931.079452		-1588.0
-95.35278	29.76306	1/21/1931	73.1	873	45.0	6514737--	6514737	1/21/1931	1	21	1931	1931.057534		-828.0
-95.46778	29.76778	7/8/1934	-34.0	1996	50.0	6513732--	6513732	7/8/1934	7	8	1934	1934.523288		-1946.0
-95.39278	29.97694	5/29/1931	3.0	1130	98.4	295836095233301	186505309	5/29/1931	5	29	1931	1931.413699		-1031.6
-95.85139	30.02972	1/7/1928	42.8	297	224.0	300146095510401	6058704	1/7/1928	1	7	1928	1928.019178		-73.0
-95.78083	29.83111	1/1/1905	27.0	500	143.0	6510606--	6510606	1/1/1905	1	1	1905	1905.00274		-357.0
-95.73639	29.83028	3/17/1933	35.8	359	136.6	294948095441001	6511405	3/17/1933	3	17	1933	1933.213699		-222.5
-95.69833	29.97083	4/3/1931	6.5	72	150.7	295814095415301	6503204	4/3/1931	4	3	1931	1931.258904		78.7
-95.59694	30.11889	3/1/1923	36.0	65	174.6	300707095354801	6060104	3/1/1923	3	1	1923	1923.169863		109.6
-95.77139	29.78472	3/12/1931	36.3	609	132.6	294704095461601	6510907	3/12/1931	3	12	1931	1931.2		-476.4
-95.46361	30.00778	3/27/1931	19.7	24	117.2	300027095274802	6061703	3/27/1931	3	27	1931	1931.241096		93.2
-95.41944	29.95139	3/27/1931	9.7	41	92.8	295704095250901	6505506	3/27/1931	3	27	1931	1931.241096		51.8
-95.46361	30.00778	3/27/1931	24.4	142	117.2	300027095274801	6061704	3/27/1931	3	27	1931	1931.241096		-24.8
-95.92056	30.05528	4/13/1931	10.0	30	250.3	300318095551302	6057503	4/13/1931	4	13	1931	1931.286301		220.3
-95.91833	30.05639	4/13/1931	36.5	42	268.1	300322095550501	6057502	4/13/1931	4	13	1931	1931.286301		226.1
-95.89139	30.05111	4/13/1931	50.3	122	258.2	300303095532801	6057607	4/13/1931	4	13	1931	1931.286301		136.2
-95.91722	30.05444	5/13/1931	3.5	20	263.5	300315095550101	6057501	5/13/1931	5	13	1931	1931.369863		243.5
-95.62083	29.91639	5/19/1931	9.4	48	127.9	295458095371401	6504704	5/19/1931	5	19	1931	1931.386301		79.9
-95.43500	30.09139	6/1/1931	26.1	33	133.9	300528095260501	6061207	6/1/1931	6	1	1931	1931.420548		100.9
-95.43750	30.08333	6/1/1931	22.8	35	130.6	300459095261401	6061503	6/1/1931	6	1	1931	1931.420548		95.9
-95.82389	30.02000	11/3/1931	21.0	22	212.6	300111095492501	6058805	11/3/1931	11	3	1931	1931.843836		190.6
-95.90917	30.09806	11/5/1931	20.1	60	269.0	300552095543201	6057303	11/5/1931	11	5	1931	1931.849315		209.0
-95.91222	30.05083	11/5/1931	43.1	--	263.5	300302095544301	6057606	11/5/1931	11	5	1931	1931.849315		#VALUE!
-95.90361	30.06583	11/6/1931	50.5	71	279.1	300356095541201	6057605	11/6/1931	11	6	1931	1931.852055		208.1
-95.42722	30.00278	11/9/1931	14.0	17	107.5	300009095253701	6061806	11/9/1931	11	9	1931	1931.860274		90.5
-95.42694	30.05778	11/9/1931	26.0	32	111.8	300327095253601	6061505	11/9/1931	11	9	1931	1931.860274		79.8
-95.42778	30.02000	11/9/1931	16.4	45	112.3	300111095253901	6061805	11/9/1931	11	9	1931	1931.860274		67.3
-95.42750	30.01861	11/9/1931	28.3	155	110.4	300106095253801	6061804	11/9/1931	11	9	1931	1931.860274		-44.6
-95.40333	30.02167	11/18/1931	18.7	21	105.6	300117095241101	6061901	11/18/1931	11	18	1931	1931.884932		85.1
-95.42750	30.07750	8/1/1932	18.0	365	122.3	300438095253801	6061501	8/1/1932	8	1	1932	1932.587671		-242.7
-95.47000	30.01278	9/28/1932	24.3	556	115.2	300045095281101	6061702	9/28/1932	9	28	1932	1932.745205		-440.8
-95.66972	30.07917	6/1/1933	25.0	156	178.4	300444095401001	6059502	6/1/1933	6	1	1933	1933.420548		22.4
-95.65611	30.06778	6/1/1933	24.0	234	172.9	300403095392101	6059603	6/1/1933	6	1	1933	1933.420548		-61.1
-95.63278	30.07583	7/1/1933	60.0	864	175.3	300432095375701	6059604	7/1/1933	7	1	1933	1933.50411		-688.7
-95.61917	30.06472	8/4/1933	16.3	23	159.7	300352095370801	6060402	8/4/1933	8	4	1933	1933.59589		136.7
-95.61222	30.05472	8/4/1933	21.7	30	162.7	300316095364301	6060403	8/4/1933	8	4	1933	1933.59589		132.7
-95.90889	30.05139	1/1/1938	37.0	211	262.8	300304095543101	6057604	1/1/1938	1	1	1938	1938.00274		51.8
-95.42806	30.01889	2/6/1938	16.2	20	110.7	300107095254001	6061803	2/6/1938	2	6	1938	1938.1		90.7
-95.74333	29.98639	5/8/1938	8.0	499	155.4	295910095443501	6503104	5/8/1938	5	8	1938	1938.356164		-343.6
-95.68583	29.90472	1/3/1939	28.5	239	141.0	295416095410801	6503806	1/3/1939	1	3	1939	1939.008219		-98.0
-95.40417	30.02417	5/31/1939	-22.6	1052	109.7	300126095241401	6061903	5/31/1939	5	31	1939	1939.419178		-942.3
-95.40417	30.02361	8/31/1939	23.5	793	107.4	300124095241401	6061902	8/31/1939	8	31	1939	1939.669863		-685.6
-95.22556	29.72194	2/25/1931	54.8	836	18.0	206523139--	206523139	2/25/1931	2	25	1931	1931.152055		-818.0
-95.13944	29.72694	2/1/1938	108.0	913	29.5	294336095082101	216523309	2/1/1938	2	1	1938	1938.086301		-883.5
-95.13056	29.73028	1/1/1929	41.0	790	26.0	6523314--	6523314	1/1/1929	1	1	1929	1929.00274		-764.0
-95.13028	29.72667	1/1/1929	41.0	860	33.0	6523315--	6523315	1/1/1929	1	1	1929	1929.00274		-827.0
-95.13306	29.72167	1/1/1929	51.0	1284	35.0	6523311--	6523311	1/1/1929	1	1	1929	1929.00274		-1249.0
-95.18695	29.66528	7/2/1939	91.4	1419	34.5	293954095111201	226523805	7/2/1939	7	2	1939	1939.506849		-1384.5
-95.18750	29.66528	7/1/1939	93.0	1680	40.0	236523804--	236523804	7/1/1939	7	1	1939	1939.50411		-1640.0
-95.22167	29.72861	12/14/1929	35.0	1376	19.0	6523147--	6523147	12/14/1929	12	14	1929	1929.957534		-1357.0
-95.21806	29.73111	3/25/1931	43.1	802	17.4	294351095130401	6523148	3/25/1931	3	25	1931	1931.235616		-784.6
-95.21944	29.82500	7/1/1938	48.2	890	40.0	246515406--	246515406	7/1/1938	7	1	1938	1938.50411		-850.0
-95.17972	29.72750	8/11/1937	75.0	515	29.0	256523233--	256523233	8/11/1937	8	11	1937	1937.615068		-486.0
-95.17944	29.72778	8/12/1937	201.0	1481	29.0	256523234--	256523234	8/12/1937	8	12	1937	1937.617808		-1452.0
-95.20167	29.71861	3/5/1937	67.0	960	34.0	256523235--	256523235	3/5/1937	3	5	1937	1937.180822		-926.0
-95.20195	29.71889	2/6/1937	70.0	1840	30.0	256523236--	256523236	2/6/1937	2	6	1937	1937.1		-1810.0
-95.20139	29.71972	2/10/1937	174.0	1399	30.0	256523237--	256523237	2/10/1937	2	10	1937	1937.110959		-1369.0
-95.21472	29.71917	1/26/1937	63.0	974	31.0	256523122--	256523122	1/26/1937	1	26	1937	1937.071233		-943.0
-95.21472	29.71833	1/18/1937	56.0	1275	29.0	256523123--	256523123	1/18/1937	1	18	1937	1937.049315		-1246.0
-95.21445	29.71833	1/17/1937	42.0	1927	28.0	256523124--	256523124	1/17/1937	1	17	1937	1937.046575		-1899.0
-95.20000	29.62361	4/3/1931	47.1	832	40.5	293724095115901	6531211	4/3/1931	4	3	1931	1931.258904		-791.5
-95.10417	29.70778	4/2/1931	55.0	900	29.0	294227095061401	6524403	4/2/1931	4	2	1931	1931.256164		-871.0
-95.12611	29.72611	9/13/1935	71.0	1329	23.4	294333095073301	6523312	9/13/1935	9	13	1935	1935.70411		-1305.6
-95.21250	29.71361	9/22/1937	111.7	834	27.0	6523151--	6523151	9/22/1937	9	22	1937	1937.728767		-807.0
-95.00306	29.74611	12/1/1923	37.0	515	22.3	294445095001001	6524313	12/1/1923	12	1	1923	1923.921918		-492.8
-95.01528	29.72278	4/4/1925	20.0	545	13.6	294321095005401	266524316	4/4/1925	4	4	1925	1925.261644		-531.4
-95.01833	29.74806	12/15/1925	58.0	558	20.9	294452095010501	6524312	12/15/1925	12	15	1925	1925.960274		-537.1
-95.00667	29.74250	12/8/1925	77.0	509	23.2	294432095002301	6524319	12/8/1925	12	8	1925	1925.941096		-485.8
-95.01083	29.74389	6/5/1926	76.0	571	22.3	294437095003801	6524318	6/5/1926	6	5	1926	1926.431507		-548.7
-95.02194	29.74111	10/1/1929	87.0	974	19.5	294427095011801	6524310	10/1/1929	10	1	1929	1929.754795		-954.5
-95.00889	29.73583	12/10/1935	114.0	516	21.4	294408095003101	6524315	12/10/1935	12	10	1935	1935.946575		-494.6
-95.00139	29.73917	8/28/1936	126.0	568	21.5	294420095000401	6524314	8/28/1936	8	28	1936	1936.661644		-546.5
-95.01750	29.74806	5/1/1937	58.0	998	21.8	294452095010201	6524311	5/1/1937	5	1	1937	1937.336986		-976.2
-95.00806	29.73139	10/1/1931	42.0	743	18.5	294352095002801	6524317	10/1/1931	10	1	1931	1931.754795		-724.5
-95.02167	29.65167	4/1/1930	40.0	570	27.0	6524914--	6524914	4/1/1930	4	1	1930	1930.253425		-543.0
-95.14556	29.56972	1/1/1927	16.0	806	32.0	6531601--	6531601	1/1/1927	1	1	1927	1927.00274		-774.0
-95.31944	29.78667	5/1/1925	30.0	947	50.0	6514809--	6514809	5/1/1925	5	1	1925	1925.336986		-897.0
-94.94417	29.82694	1/1/1932	34.0	344	30.8	294936094563801	6409502	1/1/1932	1	1	1932	1932.00274		-313.2
-94.96333	29.84611	1/22/1932	10.0	88	31.6	295045094574701	6409101	1/22/1932	1	22	1932	1932.060274		-56.5
-94.98222	29.82083	1/22/1932	10.0	100	36.8	294914094585501	6409402	1/22/1932	1	22	1932	1932.060274		-63.2
-94.88583	30.04861	11/1/1929	45.0	399	82.5	300254094530800	6157605	11/1/1929	11	1	1929	1929.838356		-316.5
-94.98472	30.39361	12/29/1936	-5.0	1200	155.2	302336094590400	6133703	12/29/1936	12	29	1936	1936.99863		-1044.8
-94.64722	30.09472	1/1/1938	17.0	255	65.0	300540094384901	6159301	1/1/1938	1	1	1938	1938.00274		-190.0
-94.59667	29.99028	1/1/1938	14.0	406	50.1	295924094354700	6404101	1/1/1938	1	1	1938	1938.00274		-355.9
-95.45694	30.30806	6/3/1931	-0.6	1464	213.0	301828095272402	276045505	6/3/1931	6	3	1931	1931.426027		-1251.0
-95.45639	30.28556	11/18/1931	24.4	26	177.2	301707095272201	286045803	11/18/1931	11	18	1931	1931.884932		151.2
-95.44111	30.17833	11/18/1931	16.2	27	129.2	301041095262701	6053503	11/18/1931	11	18	1931	1931.884932		102.2
-95.45167	30.17556	6/2/1931	29.8	40	161.5	301031095270501	6053504	6/2/1931	6	2	1931	1931.423288		121.5
-95.16611	30.32750	3/1/1914	-10.0	809	170.8	301938095095701	6047607	3/1/1914	3	1	1914	1914.169863		-638.2
-95.60250	30.43694	1/1/1924	55.0	2500	202.0	302612095360801	6036401	1/1/1924	1	1	1924	1924.00274		-2298.0
-95.45944	30.15361	6/2/1931	24.2	173	144.6	300912095273301	6053706	6/2/1931	6	2	1931	1931.423288		-28.4
-95.45694	30.27333	6/3/1931	26.2	33	135.1	301623095272401	6045801	6/3/1931	6	3	1931	1931.426027		102.1
-95.48417	30.35111	11/13/1931	16.0	50	265.7	302103095290202	6045106	11/13/1931	11	13	1931	1931.871233		215.7
-95.45417	30.31222	1/1/1932	64.0	220	221.3	301843095271401	6045510	1/1/1932	1	1	1932	1932.00274		1.3
-95.49500	30.45472	1/1/1934	100.0	300	307.8	302716095294101	6037408	1/1/1934	1	1	1934	1934.00274		7.8
-95.70167	30.38917	9/1/1935	83.0	110	299.4	302320095420501	6035809	9/1/1935	9	1	1935	1935.671233		189.4
-95.70028	30.38194	9/1/1935	68.0	566	305.8	302254095420001	6035805	9/1/1935	9	1	1935	1935.671233		-260.2
-95.57639	30.32028	6/1/1936	85.0	546	271.6	301912095343401	6044501	6/1/1936	6	1	1936	1936.420548		-274.4
-95.15917	30.23417	7/1/1936	35.0	130	130.4	301402095093201	6055301	7/1/1936	7	1	1936	1936.50411		0.4
-95.46472	30.32056	11/18/1938	32.4	34	191.4	301913095275201	6045409	11/18/1938	11	18	1938	1938.884932		157.4
-95.45528	30.28889	11/18/1938	3.6	210	164.6	301719095271801	6045806	11/18/1938	11	18	1938	1938.884932		-45.4
-95.66278	30.38361	1/1/1939	71.0	606	303.9	302300095394501	6035901	1/1/1939	1	1	1939	1939.00274		-302.1
-95.88944	29.87056	2/10/1931	48.2	767	177.2	295213095532101	306509307	2/10/1931	2	10	1931	1931.110959		-589.9
-95.86056	29.78444	3/12/1931	48.5	545	149.9	294703095513700	6510708	3/12/1931	3	12	1931	1931.2		-395.1
-95.89278	29.86333	3/15/1939	55.6	641	172.9	295147095533300	6509308	3/15/1939	3	15	1939	1939.208219		-468.1
-95.29250	29.86722	6/12/1944	87.6	1993	57.4	294745095201001	6514406	6/12/1944	6	12	1944	1944.450685		-1935.6
-95.06361	29.88000	10/29/1931	21.9	533	47.0	6508809--	6508809	10/29/1931	10	29	1931	1931.831507		-486.0
-95.46889	29.70250	2/1/1937	39.0	712	59.0	294208095280701	6521413	2/1/1937	2	1	1937	1937.086301		-653.0
-95.28695	29.68528	5/27/1937	62.8	876	38.0	294106095171201	6522618	5/27/1937	5	27	1937	1937.408219		-838.0
-95.13944	29.72694	2/1/1938	108.0	913	31.0	294336095082101	6523309	2/1/1938	2	1	1938	1938.086301		-882.0
-95.01833	29.74806	12/15/1925	58.0	558	28.0	294452095010501	6524312	12/15/1925	12	15	1925	1925.960274		-530.0
-95.07806	29.53528	3/16/1939	42.3	570	12.0	6532801--	6532801	3/16/1939	3	16	1939	1939.210959		-558.0
-95.03000	29.54722	3/27/1939	46.5	545	17.0	6532624--	6532624	3/27/1939	3	27	1939	1939.241096		-528.0
